object={
	name="tree_pine_01_b_generator_1_0"
	render_pass=Map
	clamp_to_water_level=no
	generated_content=yes
	layer="tree_high_layer"
	pdxmesh="tree_pine_01_b_mesh"
	count=346
	transform="3384.234131 0.000000 884.151001 0.000000 0.854251 0.000000 0.519860 0.400000 0.400000 0.400000
3373.237305 0.000000 884.252136 0.000000 0.728301 0.000000 0.685257 0.400000 0.400000 0.400000
3383.248047 0.000000 889.547363 0.000000 0.752089 0.000000 -0.659062 0.400000 0.400000 0.400000
3390.952637 0.000000 887.866699 0.000000 0.999520 0.000000 0.030966 0.400000 0.400000 0.400000
3386.778320 0.000000 887.358093 0.000000 0.660011 0.000000 -0.751256 0.400000 0.400000 0.400000
3380.103027 0.000000 882.342529 0.000000 0.194961 0.000000 -0.980811 0.400000 0.400000 0.400000
3376.869141 0.000000 883.353577 0.000000 0.875443 0.000000 0.483321 0.400000 0.400000 0.400000
3381.963867 0.000000 886.571899 0.000000 0.956849 0.000000 -0.290586 0.400000 0.400000 0.400000
3386.148438 0.000000 890.224976 0.000000 0.999987 0.000000 -0.005168 0.400000 0.400000 0.400000
3388.816895 0.000000 889.585999 0.000000 0.330629 0.000000 -0.943761 0.400000 0.400000 0.400000
3388.472412 0.000000 885.258972 0.000000 0.483741 0.000000 0.875211 0.400000 0.400000 0.400000
3412.552246 0.000000 890.843140 0.000000 0.865362 0.000000 0.501148 0.400000 0.400000 0.400000
3397.147705 0.000000 890.352905 0.000000 0.976059 0.000000 0.217506 0.400000 0.400000 0.400000
3431.907715 0.000000 893.737488 0.000000 0.807885 0.000000 0.589340 0.400000 0.400000 0.400000
3452.137207 0.000000 892.517578 0.000000 0.998954 0.000000 0.045734 0.400000 0.400000 0.400000
3441.947998 0.000000 892.189331 0.000000 0.771057 0.000000 -0.636766 0.400000 0.400000 0.400000
3405.013672 0.000000 888.244934 0.000000 0.999904 0.000000 -0.013881 0.400000 0.400000 0.400000
3420.090332 0.000000 894.770203 0.000000 0.856067 0.000000 0.516865 0.400000 0.400000 0.400000
3442.761719 0.000000 886.362366 0.000000 0.822390 0.000000 -0.568924 0.400000 0.400000 0.400000
3401.947998 0.000000 893.494751 0.000000 0.657352 0.000000 0.753583 0.400000 0.400000 0.400000
3436.532715 0.000000 890.018616 0.000000 0.963149 0.000000 0.268967 0.400000 0.400000 0.400000
3425.837158 0.000000 892.949890 0.000000 0.284692 0.000000 0.958619 0.400000 0.400000 0.400000
3407.958740 0.000000 893.938293 0.000000 0.966138 0.000000 -0.258025 0.400000 0.400000 0.400000
3447.240234 0.000000 889.547363 0.000000 0.968355 0.000000 -0.249575 0.400000 0.400000 0.400000
3429.570068 0.000000 889.221741 0.000000 0.432728 0.000000 0.901524 0.400000 0.400000 0.400000
3392.886230 0.000000 888.342834 0.000000 0.806640 0.000000 -0.591043 0.400000 0.400000 0.400000
3416.782227 0.000000 891.881653 0.000000 0.697880 0.000000 0.716215 0.400000 0.400000 0.400000
3450.770508 0.000000 887.358093 0.000000 0.878423 0.000000 -0.477884 0.400000 0.400000 0.400000
3433.279297 0.000000 887.356995 0.000000 0.711132 0.000000 0.703058 0.400000 0.400000 0.400000
3436.127197 0.000000 894.562195 0.000000 0.950513 0.000000 0.310684 0.400000 0.400000 0.400000
3445.575195 0.000000 893.863098 0.000000 0.506433 0.000000 -0.862279 0.400000 0.400000 0.400000
3414.069336 0.000000 894.504333 0.000000 0.158498 0.000000 -0.987359 0.400000 0.400000 0.400000
3420.296387 0.000000 890.493713 0.000000 0.781256 0.000000 0.624211 0.400000 0.400000 0.400000
3439.217773 0.000000 887.333313 0.000000 0.951779 0.000000 -0.306783 0.400000 0.400000 0.400000
3442.439209 0.000000 895.771973 0.000000 0.539665 0.000000 0.841880 0.400000 0.400000 0.400000
3405.207275 0.000000 891.816833 0.000000 0.789023 0.000000 -0.614364 0.400000 0.400000 0.400000
3449.105957 0.000000 894.131348 0.000000 0.463796 0.000000 0.885942 0.400000 0.400000 0.400000
3395.071289 0.000000 893.098511 0.000000 0.263009 0.000000 -0.964793 0.400000 0.400000 0.400000
3400.491943 0.000000 890.443604 0.000000 0.575343 0.000000 -0.817912 0.400000 0.400000 0.400000
3423.789551 0.000000 895.546143 0.000000 0.742499 0.000000 0.669848 0.400000 0.400000 0.400000
3439.294434 0.000000 893.998047 0.000000 0.427779 0.000000 0.903883 0.400000 0.400000 0.400000
3432.828125 0.000000 890.729248 0.000000 0.672307 0.000000 -0.740273 0.400000 0.400000 0.400000
3398.839111 0.000000 893.093506 0.000000 0.961145 0.000000 -0.276045 0.400000 0.400000 0.400000
3445.956055 0.000000 886.571899 0.000000 0.823950 0.000000 0.566662 0.400000 0.400000 0.400000
3443.953369 0.000000 889.612671 0.000000 0.136515 0.000000 0.990638 0.400000 0.400000 0.400000
3411.059082 0.000000 893.642517 0.000000 0.943787 0.000000 -0.330556 0.400000 0.400000 0.400000
3422.446533 0.000000 892.766663 0.000000 0.972948 0.000000 0.231022 0.400000 0.400000 0.400000
3428.919922 0.000000 893.226562 0.000000 0.961893 0.000000 0.273425 0.400000 0.400000 0.400000
3454.540527 0.000000 894.451843 0.000000 0.478473 0.000000 0.878102 0.400000 0.400000 0.400000
3424.725830 0.000000 890.202820 0.000000 0.991732 0.000000 -0.128328 0.400000 0.400000 0.400000
3439.465820 0.000000 890.422180 0.000000 0.973799 0.000000 0.227409 0.400000 0.400000 0.400000
3450.140625 0.000000 890.224976 0.000000 0.991951 0.000000 0.126624 0.400000 0.400000 0.400000
3405.285645 0.000000 894.660950 0.000000 0.855643 0.000000 0.517567 0.400000 0.400000 0.400000
3452.809082 0.000000 889.585999 0.000000 0.961949 0.000000 -0.273228 0.400000 0.400000 0.400000
3393.536133 0.000000 890.957520 0.000000 0.656360 0.000000 0.754448 0.400000 0.400000 0.400000
3434.897217 0.000000 892.284424 0.000000 0.709821 0.000000 0.704382 0.400000 0.400000 0.400000
3417.398193 0.000000 894.896851 0.000000 0.978204 0.000000 -0.207646 0.400000 0.400000 0.400000
3427.564209 0.000000 890.993958 0.000000 0.614154 0.000000 -0.789186 0.400000 0.400000 0.400000
3447.575928 0.000000 892.097961 0.000000 0.606387 0.000000 0.795170 0.400000 0.400000 0.400000
3407.802002 0.000000 891.425598 0.000000 0.852009 0.000000 -0.523527 0.400000 0.400000 0.400000
3441.411133 0.000000 888.736389 0.000000 0.867716 0.000000 0.497060 0.400000 0.400000 0.400000
3461.139893 0.000000 890.352905 0.000000 0.878230 0.000000 -0.478238 0.400000 0.400000 0.400000
3455.680420 0.000000 892.868469 0.000000 0.668207 0.000000 0.743975 0.400000 0.400000 0.400000
3465.940186 0.000000 893.494751 0.000000 0.327236 0.000000 -0.944943 0.400000 0.400000 0.400000
3461.156006 0.000000 895.734558 0.000000 0.636844 0.000000 -0.770993 0.400000 0.400000 0.400000
3459.063477 0.000000 893.098511 0.000000 0.845416 0.000000 -0.534109 0.400000 0.400000 0.400000
3462.831299 0.000000 893.093506 0.000000 0.821352 0.000000 0.570422 0.400000 0.400000 0.400000
3457.528320 0.000000 890.957520 0.000000 0.136814 0.000000 -0.990597 0.400000 0.400000 0.400000
3388.051514 0.000000 939.590698 0.000000 0.899467 0.000000 0.436989 0.400000 0.400000 0.400000
3384.288086 0.000000 935.377502 0.000000 0.864324 0.000000 0.502936 0.400000 0.400000 0.400000
3383.371582 0.000000 931.072632 0.000000 0.996318 0.000000 -0.085731 0.400000 0.400000 0.400000
3389.904297 0.000000 935.926453 0.000000 0.229827 0.000000 -0.973231 0.400000 0.400000 0.400000
3387.034668 0.000000 934.401978 0.000000 0.358767 0.000000 0.933427 0.400000 0.400000 0.400000
3383.119385 0.000000 928.186707 0.000000 0.375882 0.000000 0.926668 0.400000 0.400000 0.400000
3391.213623 0.000000 939.490967 0.000000 0.231804 0.000000 -0.972763 0.400000 0.400000 0.400000
3402.967773 0.000000 896.568115 0.000000 0.809975 0.000000 -0.586464 0.400000 0.400000 0.400000
3413.160645 0.000000 896.135254 0.000000 0.557193 0.000000 0.830383 0.400000 0.400000 0.400000
3400.147217 0.000000 945.649475 0.000000 0.888674 0.000000 -0.458540 0.400000 0.400000 0.400000
3399.843018 0.000000 939.273743 0.000000 0.115796 0.000000 -0.993273 0.400000 0.400000 0.400000
3421.090576 0.000000 897.504883 0.000000 0.999706 0.000000 -0.024245 0.400000 0.400000 0.400000
3408.178955 0.000000 899.535950 0.000000 0.118752 0.000000 0.992924 0.400000 0.400000 0.400000
3453.233398 0.000000 896.587769 0.000000 0.340738 0.000000 0.940158 0.400000 0.400000 0.400000
3395.843506 0.000000 943.142334 0.000000 0.555504 0.000000 0.831514 0.400000 0.400000 0.400000
3405.569824 0.000000 945.440735 0.000000 0.442380 0.000000 -0.896828 0.400000 0.400000 0.400000
3403.644531 0.000000 941.435242 0.000000 0.502815 0.000000 0.864394 0.400000 0.400000 0.400000
3395.754883 0.000000 897.034851 0.000000 0.630475 0.000000 0.776210 0.400000 0.400000 0.400000
3417.044434 0.000000 897.443787 0.000000 0.925794 0.000000 -0.378028 0.400000 0.400000 0.400000
3409.115967 0.000000 895.787048 0.000000 0.713911 0.000000 -0.700237 0.400000 0.400000 0.400000
3396.854736 0.000000 937.455444 0.000000 0.548826 0.000000 -0.835937 0.400000 0.400000 0.400000
3411.949707 0.000000 899.411804 0.000000 0.195963 0.000000 -0.980611 0.400000 0.400000 0.400000
3399.168945 0.000000 942.429626 0.000000 0.992518 0.000000 0.122097 0.400000 0.400000 0.400000
3392.117920 0.000000 895.931091 0.000000 0.763524 0.000000 0.645779 0.400000 0.400000 0.400000
3405.993652 0.000000 897.349243 0.000000 0.924840 0.000000 -0.380357 0.400000 0.400000 0.400000
3424.161621 0.000000 897.586731 0.000000 0.290046 0.000000 0.957013 0.400000 0.400000 0.400000
3394.394287 0.000000 935.723511 0.000000 0.984413 0.000000 -0.175873 0.400000 0.400000 0.400000
3402.731934 0.000000 944.281311 0.000000 0.973854 0.000000 0.227174 0.400000 0.400000 0.400000
3396.270508 0.000000 940.302185 0.000000 0.512935 0.000000 0.858428 0.400000 0.400000 0.400000
3431.016113 0.000000 895.835083 0.000000 0.909316 0.000000 0.416107 0.400000 0.400000 0.400000
3391.794922 0.000000 937.054993 0.000000 0.396233 0.000000 -0.918150 0.400000 0.400000 0.400000
3401.842529 0.000000 947.575500 0.000000 0.243103 0.000000 0.970000 0.400000 0.400000 0.400000
3418.982422 0.000000 895.902222 0.000000 0.683226 0.000000 0.730207 0.400000 0.400000 0.400000
3388.051514 0.000000 1003.575073 0.000000 0.945032 0.000000 -0.326979 0.400000 0.400000 0.400000
3380.267334 0.000000 1006.084900 0.000000 0.903624 0.000000 0.428326 0.400000 0.400000 0.400000
3375.836670 0.000000 1007.964661 0.000000 0.253066 0.000000 -0.967449 0.400000 0.400000 0.400000
3379.464600 0.000000 1001.472107 0.000000 0.750641 0.000000 0.660711 0.400000 0.400000 0.400000
3383.882080 0.000000 1003.523743 0.000000 0.248024 0.000000 -0.968754 0.400000 0.400000 0.400000
3377.022705 0.000000 1004.271179 0.000000 0.002605 0.000000 0.999997 0.400000 0.400000 0.400000
3386.010010 0.000000 1001.651672 0.000000 0.881359 0.000000 0.472447 0.400000 0.400000 0.400000
3376.213623 0.000000 1001.782288 0.000000 0.174415 0.000000 0.984672 0.400000 0.400000 0.400000
3380.837646 0.000000 1003.618896 0.000000 0.907828 0.000000 0.419343 0.400000 0.400000 0.400000
3382.738281 0.000000 1005.793396 0.000000 0.729807 0.000000 -0.683653 0.400000 0.400000 0.400000
3387.320312 0.000000 1005.955627 0.000000 0.992208 0.000000 0.124595 0.400000 0.400000 0.400000
3414.559570 0.000000 991.197510 0.000000 0.408190 0.000000 0.912897 0.400000 0.400000 0.400000
3408.652588 0.000000 977.183228 0.000000 0.792041 0.000000 0.610469 0.400000 0.400000 0.400000
3418.555664 0.000000 1001.571106 0.000000 0.589362 0.000000 -0.807869 0.400000 0.400000 0.400000
3402.958740 0.000000 997.573669 0.000000 0.280385 0.000000 0.959888 0.400000 0.400000 0.400000
3416.601318 0.000000 982.097778 0.000000 0.976018 0.000000 -0.217689 0.400000 0.400000 0.400000
3411.224854 0.000000 968.789246 0.000000 0.792897 0.000000 0.609355 0.400000 0.400000 0.400000
3407.791992 0.000000 986.353210 0.000000 0.932137 0.000000 -0.362105 0.400000 0.400000 0.400000
3411.211426 0.000000 997.984924 0.000000 0.974536 0.000000 -0.224233 0.400000 0.400000 0.400000
3407.169434 0.000000 992.714539 0.000000 0.358190 0.000000 0.933649 0.400000 0.400000 0.400000
3414.313721 0.000000 974.085327 0.000000 0.934716 0.000000 -0.355394 0.400000 0.400000 0.400000
3408.178955 0.000000 963.520325 0.000000 0.989149 0.000000 -0.146916 0.400000 0.400000 0.400000
3396.838867 0.000000 997.797791 0.000000 0.460343 0.000000 -0.887741 0.400000 0.400000 0.400000
3415.067627 0.000000 965.068604 0.000000 0.673937 0.000000 0.738789 0.400000 0.400000 0.400000
3413.088623 0.000000 986.029724 0.000000 0.999905 0.000000 -0.013793 0.400000 0.400000 0.400000
3416.993164 0.000000 996.496277 0.000000 0.522387 0.000000 0.852708 0.400000 0.400000 0.400000
3411.461914 0.000000 981.244446 0.000000 0.939860 0.000000 -0.341559 0.400000 0.400000 0.400000
3399.752686 0.000000 993.948975 0.000000 0.881132 0.000000 0.472871 0.400000 0.400000 0.400000
3405.184326 0.000000 980.549133 0.000000 0.923158 0.000000 -0.384420 0.400000 0.400000 0.400000
3417.775391 0.000000 987.604980 0.000000 0.977489 0.000000 -0.210986 0.400000 0.400000 0.400000
3419.154785 0.000000 992.015930 0.000000 0.889228 0.000000 -0.457464 0.400000 0.400000 0.400000
3415.875488 0.000000 969.689209 0.000000 0.658286 0.000000 0.752768 0.400000 0.400000 0.400000
3404.192139 0.000000 989.399414 0.000000 0.976404 0.000000 -0.215953 0.400000 0.400000 0.400000
3409.960938 0.000000 973.073792 0.000000 0.016260 0.000000 -0.999868 0.400000 0.400000 0.400000
3411.134521 0.000000 993.892700 0.000000 0.554686 0.000000 -0.832059 0.400000 0.400000 0.400000
3410.535156 0.000000 989.608337 0.000000 0.607829 0.000000 -0.794068 0.400000 0.400000 0.400000
3414.595215 0.000000 1000.304871 0.000000 0.029468 0.000000 -0.999566 0.400000 0.400000 0.400000
3407.628174 0.000000 967.321533 0.000000 0.282140 0.000000 0.959373 0.400000 0.400000 0.400000
3421.681641 0.000000 999.338196 0.000000 0.769656 0.000000 0.638459 0.400000 0.400000 0.400000
3412.366455 0.000000 977.609131 0.000000 0.946823 0.000000 0.321755 0.400000 0.400000 0.400000
3403.369385 0.000000 992.933044 0.000000 0.907068 0.000000 0.420985 0.400000 0.400000 0.400000
3408.194580 0.000000 982.785828 0.000000 0.841513 0.000000 -0.540237 0.400000 0.400000 0.400000
3400.023682 0.000000 999.691223 0.000000 0.981575 0.000000 -0.191078 0.400000 0.400000 0.400000
3411.949707 0.000000 963.396179 0.000000 0.998801 0.000000 -0.048948 0.400000 0.400000 0.400000
3413.804443 0.000000 996.033813 0.000000 0.976261 0.000000 -0.216599 0.400000 0.400000 0.400000
3416.105469 0.000000 985.079651 0.000000 0.912819 0.000000 -0.408365 0.400000 0.400000 0.400000
3412.963623 0.000000 971.391235 0.000000 0.851995 0.000000 -0.523550 0.400000 0.400000 0.400000
3410.326660 0.000000 965.808594 0.000000 0.993124 0.000000 -0.117068 0.400000 0.400000 0.400000
3416.415771 0.000000 993.436768 0.000000 0.997318 0.000000 -0.073194 0.400000 0.400000 0.400000
3414.900635 0.000000 988.300476 0.000000 0.293155 0.000000 0.956065 0.400000 0.400000 0.400000
3410.423340 0.000000 984.656494 0.000000 0.538106 0.000000 0.842877 0.400000 0.400000 0.400000
3413.831299 0.000000 982.967346 0.000000 0.996940 0.000000 0.078164 0.400000 0.400000 0.400000
3419.880127 0.000000 997.096985 0.000000 0.949046 0.000000 -0.315137 0.400000 0.400000 0.400000
3407.557373 0.000000 989.895264 0.000000 0.080603 0.000000 -0.996746 0.400000 0.400000 0.400000
3421.978760 0.000000 991.086060 0.000000 0.816553 0.000000 0.577271 0.400000 0.400000 0.400000
3399.600342 0.000000 996.858948 0.000000 0.027278 0.000000 -0.999628 0.400000 0.400000 0.400000
3404.755615 0.000000 995.368591 0.000000 0.072980 0.000000 -0.997333 0.400000 0.400000 0.400000
3408.627686 0.000000 980.003052 0.000000 0.997996 0.000000 0.063284 0.400000 0.400000 0.400000
3413.914307 0.000000 967.689331 0.000000 0.951379 0.000000 0.308023 0.400000 0.400000 0.400000
3417.112061 0.000000 999.246765 0.000000 0.327208 0.000000 -0.944952 0.400000 0.400000 0.400000
3419.932617 0.000000 989.294312 0.000000 0.788541 0.000000 -0.614982 0.400000 0.400000 0.400000
3417.096680 0.000000 990.234558 0.000000 0.834507 0.000000 0.550997 0.400000 0.400000 0.400000
3408.917969 0.000000 970.055115 0.000000 0.493846 0.000000 0.869549 0.400000 0.400000 0.400000
3410.784424 0.000000 975.518860 0.000000 0.472600 0.000000 0.881277 0.400000 0.400000 0.400000
3401.981445 0.000000 995.229492 0.000000 0.989652 0.000000 0.143487 0.400000 0.400000 0.400000
3406.134033 0.000000 965.027161 0.000000 0.904094 0.000000 -0.427334 0.400000 0.400000 0.400000
3419.762939 0.000000 1003.766785 0.000000 0.597443 0.000000 0.801912 0.400000 0.400000 0.400000
3413.630859 0.000000 993.498413 0.000000 0.445266 0.000000 -0.895398 0.400000 0.400000 0.400000
3409.775391 0.000000 995.967224 0.000000 0.561716 0.000000 0.827330 0.400000 0.400000 0.400000
3483.945312 0.000000 903.445984 0.000000 0.367963 0.000000 0.929841 0.400000 0.400000 0.400000
3466.959961 0.000000 896.568115 0.000000 0.902565 0.000000 -0.430554 0.400000 0.400000 0.400000
3455.950928 0.000000 899.074341 0.000000 0.605234 0.000000 -0.796047 0.400000 0.400000 0.400000
3475.217041 0.000000 904.804871 0.000000 0.204742 0.000000 -0.978816 0.400000 0.400000 0.400000
3497.119873 0.000000 912.193420 0.000000 0.532341 0.000000 0.846530 0.400000 0.400000 0.400000
3491.101074 0.000000 906.926147 0.000000 0.674155 0.000000 -0.738590 0.400000 0.400000 0.400000
3462.366699 0.000000 900.468689 0.000000 0.999994 0.000000 0.003529 0.400000 0.400000 0.400000
3472.171143 0.000000 899.535950 0.000000 0.229309 0.000000 -0.973354 0.400000 0.400000 0.400000
3479.059814 0.000000 901.084229 0.000000 0.519892 0.000000 0.854232 0.400000 0.400000 0.400000
3467.681641 0.000000 901.387573 0.000000 0.229420 0.000000 0.973327 0.400000 0.400000 0.400000
3488.273438 0.000000 901.826416 0.000000 0.399645 0.000000 0.916670 0.400000 0.400000 0.400000
3479.867676 0.000000 905.704834 0.000000 0.316786 0.000000 -0.948497 0.400000 0.400000 0.400000
3495.813232 0.000000 907.816223 0.000000 0.994788 0.000000 0.101966 0.400000 0.400000 0.400000
3486.655518 0.000000 907.193604 0.000000 0.553930 0.000000 -0.832563 0.400000 0.400000 0.400000
3459.747070 0.000000 897.034851 0.000000 0.642555 0.000000 0.766240 0.400000 0.400000 0.400000
3471.620361 0.000000 903.337158 0.000000 0.931043 0.000000 0.364910 0.400000 0.400000 0.400000
3482.906982 0.000000 907.673889 0.000000 0.885974 0.000000 0.463735 0.400000 0.400000 0.400000
3475.941895 0.000000 899.411804 0.000000 0.404705 0.000000 -0.914447 0.400000 0.400000 0.400000
3494.452393 0.000000 904.641541 0.000000 0.296052 0.000000 -0.955172 0.400000 0.400000 0.400000
3463.662109 0.000000 897.119141 0.000000 0.361199 0.000000 -0.932489 0.400000 0.400000 0.400000
3482.604492 0.000000 900.328369 0.000000 0.301910 0.000000 0.953337 0.400000 0.400000 0.400000
3456.110107 0.000000 895.931091 0.000000 0.736748 0.000000 0.676167 0.400000 0.400000 0.400000
3493.167725 0.000000 909.513550 0.000000 0.884278 0.000000 -0.466961 0.400000 0.400000 0.400000
3469.985840 0.000000 897.349243 0.000000 0.951263 0.000000 0.308380 0.400000 0.400000 0.400000
3490.776367 0.000000 903.667603 0.000000 0.596241 0.000000 -0.802806 0.400000 0.400000 0.400000
3468.064209 0.000000 904.648743 0.000000 0.390789 0.000000 0.920480 0.400000 0.400000 0.400000
3476.955811 0.000000 907.406860 0.000000 0.347469 0.000000 -0.937691 0.400000 0.400000 0.400000
3474.318848 0.000000 901.824219 0.000000 0.605928 0.000000 -0.795519 0.400000 0.400000 0.400000
3465.239990 0.000000 899.761841 0.000000 0.600141 0.000000 0.799894 0.400000 0.400000 0.400000
3485.722656 0.000000 900.435242 0.000000 0.679562 0.000000 0.733618 0.400000 0.400000 0.400000
3487.079834 0.000000 904.373413 0.000000 0.564871 0.000000 0.825179 0.400000 0.400000 0.400000
3481.173828 0.000000 903.095337 0.000000 0.163131 0.000000 -0.986604 0.400000 0.400000 0.400000
3477.906494 0.000000 903.704956 0.000000 0.210467 0.000000 0.977601 0.400000 0.400000 0.400000
3490.395996 0.000000 909.778564 0.000000 0.941391 0.000000 -0.337318 0.400000 0.400000 0.400000
3497.841064 0.000000 909.500854 0.000000 0.553547 0.000000 -0.832818 0.400000 0.400000 0.400000
3470.126221 0.000000 901.042786 0.000000 0.136487 0.000000 -0.990642 0.400000 0.400000 0.400000
3484.546143 0.000000 905.884766 0.000000 0.968390 0.000000 0.249439 0.400000 0.400000 0.400000
3668.520996 0.000000 890.843140 0.000000 0.630238 0.000000 0.776402 0.400000 0.400000 0.400000
3670.528320 0.000000 863.228760 0.000000 0.603048 0.000000 0.797705 0.400000 0.400000 0.400000
3684.902832 0.000000 864.927307 0.000000 0.554626 0.000000 0.832100 0.400000 0.400000 0.400000
3674.524414 0.000000 873.602356 0.000000 0.837000 0.000000 -0.547202 0.400000 0.400000 0.400000
3693.692627 0.000000 862.083252 0.000000 0.989886 0.000000 -0.141865 0.400000 0.400000 0.400000
3678.488525 0.000000 860.056274 0.000000 0.968789 0.000000 -0.247887 0.400000 0.400000 0.400000
3678.270752 0.000000 867.605652 0.000000 0.255249 0.000000 -0.966875 0.400000 0.400000 0.400000
3701.074219 0.000000 862.019775 0.000000 0.974197 0.000000 -0.225700 0.400000 0.400000 0.400000
3692.770508 0.000000 868.186401 0.000000 0.155593 0.000000 0.987821 0.400000 0.400000 0.400000
3663.927490 0.000000 893.938293 0.000000 0.769418 0.000000 -0.638746 0.400000 0.400000 0.400000
3672.961914 0.000000 868.527527 0.000000 0.469056 0.000000 0.883169 0.400000 0.400000 0.400000
3673.744141 0.000000 859.636230 0.000000 0.117584 0.000000 -0.993063 0.400000 0.400000 0.400000
3688.713623 0.000000 861.951538 0.000000 0.117712 0.000000 -0.993048 0.400000 0.400000 0.400000
3675.123535 0.000000 864.047180 0.000000 0.774462 0.000000 -0.632621 0.400000 0.400000 0.400000
3697.456055 0.000000 864.482788 0.000000 0.854782 0.000000 0.518987 0.400000 0.400000 0.400000
3680.641113 0.000000 864.056274 0.000000 0.169035 0.000000 0.985610 0.400000 0.400000 0.400000
3688.968750 0.000000 866.229919 0.000000 0.527724 0.000000 -0.849416 0.400000 0.400000 0.400000
3684.841797 0.000000 860.836792 0.000000 0.109766 0.000000 -0.993958 0.400000 0.400000 0.400000
3697.254395 0.000000 860.180542 0.000000 0.772914 0.000000 0.634511 0.400000 0.400000 0.400000
3670.038086 0.000000 894.504333 0.000000 0.767074 0.000000 0.641559 0.400000 0.400000 0.400000
3669.773193 0.000000 868.065063 0.000000 0.328880 0.000000 -0.944372 0.400000 0.400000 0.400000
3691.919434 0.000000 864.869263 0.000000 0.826260 0.000000 0.563289 0.400000 0.400000 0.400000
3681.563232 0.000000 860.963928 0.000000 0.998897 0.000000 -0.046945 0.400000 0.400000 0.400000
3667.027832 0.000000 893.642517 0.000000 0.403198 0.000000 -0.915113 0.400000 0.400000 0.400000
3690.132080 0.000000 859.233154 0.000000 0.430249 0.000000 -0.902710 0.400000 0.400000 0.400000
3672.384521 0.000000 865.468018 0.000000 0.028158 0.000000 0.999604 0.400000 0.400000 0.400000
3675.848877 0.000000 869.128235 0.000000 0.899736 0.000000 -0.436435 0.400000 0.400000 0.400000
3677.947510 0.000000 863.117310 0.000000 0.105097 0.000000 -0.994462 0.400000 0.400000 0.400000
3676.262451 0.000000 858.097839 0.000000 0.988674 0.000000 0.150079 0.400000 0.400000 0.400000
3673.080811 0.000000 871.278015 0.000000 0.685344 0.000000 -0.728220 0.400000 0.400000 0.400000
3694.748047 0.000000 864.914062 0.000000 0.958088 0.000000 0.286476 0.400000 0.400000 0.400000
3675.901367 0.000000 861.325562 0.000000 0.831779 0.000000 0.555107 0.400000 0.400000 0.400000
3673.065430 0.000000 862.265808 0.000000 0.992174 0.000000 0.124863 0.400000 0.400000 0.400000
3699.755371 0.000000 859.494263 0.000000 0.073334 0.000000 -0.997307 0.400000 0.400000 0.400000
3673.366943 0.000000 894.896851 0.000000 0.941954 0.000000 -0.335743 0.400000 0.400000 0.400000
3675.864746 0.000000 866.512817 0.000000 0.512929 0.000000 -0.858431 0.400000 0.400000 0.400000
3683.094971 0.000000 863.040466 0.000000 0.997339 0.000000 -0.072903 0.400000 0.400000 0.400000
3686.351807 0.000000 862.871948 0.000000 0.713715 0.000000 0.700436 0.400000 0.400000 0.400000
3691.151855 0.000000 862.444702 0.000000 0.962022 0.000000 0.272971 0.400000 0.400000 0.400000
3757.190430 0.000000 884.252136 0.000000 0.824873 0.000000 0.565318 0.400000 0.400000 0.400000
3761.908936 0.000000 892.189331 0.000000 0.729157 0.000000 -0.684346 0.400000 0.400000 0.400000
3757.436279 0.000000 875.097473 0.000000 0.551610 0.000000 0.834102 0.400000 0.400000 0.400000
3764.220459 0.000000 878.116150 0.000000 0.800236 0.000000 0.599685 0.400000 0.400000 0.400000
3762.722656 0.000000 886.362366 0.000000 0.640110 0.000000 0.768283 0.400000 0.400000 0.400000
3756.493652 0.000000 890.018616 0.000000 0.189075 0.000000 0.981963 0.400000 0.400000 0.400000
3754.155762 0.000000 879.631653 0.000000 0.942484 0.000000 -0.334252 0.400000 0.400000 0.400000
3767.201172 0.000000 889.547363 0.000000 0.829908 0.000000 -0.557900 0.400000 0.400000 0.400000
3759.789795 0.000000 879.995911 0.000000 0.639931 0.000000 -0.768432 0.400000 0.400000 0.400000
3764.056152 0.000000 882.342529 0.000000 0.709960 0.000000 -0.704242 0.400000 0.400000 0.400000
3765.536133 0.000000 893.863098 0.000000 0.379907 0.000000 -0.925025 0.400000 0.400000 0.400000
3760.975830 0.000000 876.302429 0.000000 0.293137 0.000000 0.956070 0.400000 0.400000 0.400000
3759.178711 0.000000 887.333313 0.000000 0.784307 0.000000 0.620373 0.400000 0.400000 0.400000
3760.822266 0.000000 883.353577 0.000000 0.898838 0.000000 -0.438281 0.400000 0.400000 0.400000
3765.916992 0.000000 886.571899 0.000000 0.901298 0.000000 -0.433200 0.400000 0.400000 0.400000
3763.914307 0.000000 889.612671 0.000000 0.824344 0.000000 0.566090 0.400000 0.400000 0.400000
3756.934082 0.000000 878.190796 0.000000 0.517346 0.000000 -0.855776 0.400000 0.400000 0.400000
3756.842041 0.000000 881.235352 0.000000 0.831942 0.000000 -0.554862 0.400000 0.400000 0.400000
3756.174072 0.000000 887.065063 0.000000 0.983890 0.000000 0.178775 0.400000 0.400000 0.400000
3762.415527 0.000000 880.045715 0.000000 0.281610 0.000000 -0.959529 0.400000 0.400000 0.400000
3761.372070 0.000000 888.736389 0.000000 0.997927 0.000000 -0.064360 0.400000 0.400000 0.400000
3804.043457 0.000000 894.770203 0.000000 0.800828 0.000000 0.598894 0.400000 0.400000 0.400000
3669.129395 0.000000 896.135254 0.000000 0.999969 0.000000 -0.007809 0.400000 0.400000 0.400000
3671.036377 0.000000 901.084229 0.000000 0.842530 0.000000 -0.538649 0.400000 0.400000 0.400000
3673.013184 0.000000 897.443787 0.000000 0.999195 0.000000 0.040116 0.400000 0.400000 0.400000
3665.084717 0.000000 895.787048 0.000000 0.967440 0.000000 -0.253101 0.400000 0.400000 0.400000
3670.615479 0.000000 898.496277 0.000000 0.366634 0.000000 -0.930365 0.400000 0.400000 0.400000
3763.243896 0.000000 932.615662 0.000000 0.606978 0.000000 0.794718 0.400000 0.400000 0.400000
3745.336182 0.000000 916.693237 0.000000 0.543720 0.000000 -0.839267 0.400000 0.400000 0.400000
3748.895020 0.000000 928.911682 0.000000 0.990670 0.000000 -0.136286 0.400000 0.400000 0.400000
3753.088623 0.000000 912.193420 0.000000 0.999223 0.000000 -0.039407 0.400000 0.400000 0.400000
3757.684814 0.000000 926.067627 0.000000 0.942123 0.000000 0.335268 0.400000 0.400000 0.400000
3742.480713 0.000000 924.040649 0.000000 0.401936 0.000000 -0.915668 0.400000 0.400000 0.400000
3751.474854 0.000000 921.364990 0.000000 0.195756 0.000000 -0.980653 0.400000 0.400000 0.400000
3765.066406 0.000000 926.004150 0.000000 0.764642 0.000000 0.644455 0.400000 0.400000 0.400000
3747.835938 0.000000 912.331299 0.000000 0.934070 0.000000 -0.357091 0.400000 0.400000 0.400000
3746.641846 0.000000 921.390442 0.000000 0.867904 0.000000 0.496732 0.400000 0.400000 0.400000
3741.116943 0.000000 919.414429 0.000000 0.999971 0.000000 -0.007667 0.400000 0.400000 0.400000
3752.705811 0.000000 925.935913 0.000000 0.998695 0.000000 -0.051067 0.400000 0.400000 0.400000
3750.033447 0.000000 916.454773 0.000000 0.477938 0.000000 0.878393 0.400000 0.400000 0.400000
3761.448242 0.000000 928.467163 0.000000 0.870288 0.000000 -0.492544 0.400000 0.400000 0.400000
3741.172852 0.000000 915.195374 0.000000 0.245369 0.000000 -0.969430 0.400000 0.400000 0.400000
3752.960938 0.000000 930.214294 0.000000 0.991806 0.000000 0.127756 0.400000 0.400000 0.400000
3759.721191 0.000000 935.229980 0.000000 0.328886 0.000000 0.944370 0.400000 0.400000 0.400000
3767.324707 0.000000 931.072632 0.000000 0.265694 0.000000 -0.964058 0.400000 0.400000 0.400000
3748.833984 0.000000 924.821167 0.000000 0.957235 0.000000 0.289310 0.400000 0.400000 0.400000
3744.209473 0.000000 911.184875 0.000000 0.842814 0.000000 -0.538205 0.400000 0.400000 0.400000
3760.068359 0.000000 931.621460 0.000000 0.977363 0.000000 -0.211568 0.400000 0.400000 0.400000
3764.463379 0.000000 929.594299 0.000000 0.965463 0.000000 -0.260542 0.400000 0.400000 0.400000
3755.911621 0.000000 928.853638 0.000000 0.943751 0.000000 0.330658 0.400000 0.400000 0.400000
3745.555420 0.000000 924.948303 0.000000 0.488437 0.000000 -0.872599 0.400000 0.400000 0.400000
3749.136475 0.000000 909.513550 0.000000 0.407352 0.000000 -0.913271 0.400000 0.400000 0.400000
3754.124268 0.000000 923.217529 0.000000 0.209312 0.000000 -0.977849 0.400000 0.400000 0.400000
3749.167480 0.000000 919.379517 0.000000 0.772456 0.000000 -0.635068 0.400000 0.400000 0.400000
3744.138672 0.000000 919.661804 0.000000 0.463907 0.000000 0.885884 0.400000 0.400000 0.400000
3753.964355 0.000000 933.115173 0.000000 0.503437 0.000000 -0.864032 0.400000 0.400000 0.400000
3750.977539 0.000000 932.338135 0.000000 0.374856 0.000000 0.927083 0.400000 0.400000 0.400000
3740.254639 0.000000 922.082214 0.000000 0.329604 0.000000 0.944119 0.400000 0.400000 0.400000
3767.072510 0.000000 928.186707 0.000000 0.669611 0.000000 0.742712 0.400000 0.400000 0.400000
3745.430176 0.000000 913.815918 0.000000 0.393396 0.000000 -0.919369 0.400000 0.400000 0.400000
3750.519043 0.000000 913.630005 0.000000 0.995643 0.000000 0.093249 0.400000 0.400000 0.400000
3752.724609 0.000000 915.723328 0.000000 0.855225 0.000000 -0.518257 0.400000 0.400000 0.400000
3758.740234 0.000000 928.898438 0.000000 0.917407 0.000000 -0.397950 0.400000 0.400000 0.400000
3755.786377 0.000000 911.316406 0.000000 0.010427 0.000000 0.999946 0.400000 0.400000 0.400000
3747.698730 0.000000 915.138916 0.000000 0.462257 0.000000 0.886746 0.400000 0.400000 0.400000
3753.809814 0.000000 909.500854 0.000000 0.780053 0.000000 -0.625713 0.400000 0.400000 0.400000
3747.087158 0.000000 927.024841 0.000000 0.896283 0.000000 0.443483 0.400000 0.400000 0.400000
3742.664307 0.000000 917.243408 0.000000 0.976711 0.000000 0.214559 0.400000 0.400000 0.400000
3746.759521 0.000000 918.797058 0.000000 0.141656 0.000000 0.989916 0.400000 0.400000 0.400000
3750.343994 0.000000 926.856323 0.000000 0.882134 0.000000 0.470999 0.400000 0.400000 0.400000
3751.115479 0.000000 923.842163 0.000000 0.934340 0.000000 -0.356382 0.400000 0.400000 0.400000
3748.938232 0.000000 922.320007 0.000000 0.970471 0.000000 0.241217 0.400000 0.400000 0.400000
3755.144043 0.000000 926.429077 0.000000 0.963116 0.000000 -0.269085 0.400000 0.400000 0.400000
3803.906250 0.000000 903.445984 0.000000 0.561586 0.000000 -0.827418 0.400000 0.400000 0.400000
3811.035156 0.000000 896.343750 0.000000 0.967545 0.000000 -0.252699 0.400000 0.400000 0.400000
3795.177979 0.000000 904.804871 0.000000 0.120926 0.000000 -0.992661 0.400000 0.400000 0.400000
3811.062012 0.000000 906.926147 0.000000 0.715685 0.000000 -0.698423 0.400000 0.400000 0.400000
3804.311768 0.000000 911.092041 0.000000 0.987054 0.000000 0.160388 0.400000 0.400000 0.400000
3798.266846 0.000000 910.100952 0.000000 0.988546 0.000000 -0.150922 0.400000 0.400000 0.400000
3799.020752 0.000000 901.084229 0.000000 0.972202 0.000000 -0.234144 0.400000 0.400000 0.400000
3808.234375 0.000000 901.826416 0.000000 0.474522 0.000000 0.880244 0.400000 0.400000 0.400000
3799.828613 0.000000 905.704834 0.000000 0.008634 0.000000 0.999963 0.400000 0.400000 0.400000
3815.774170 0.000000 907.816223 0.000000 0.270329 0.000000 0.962768 0.400000 0.400000 0.400000
3806.616455 0.000000 907.193604 0.000000 0.323871 0.000000 -0.946101 0.400000 0.400000 0.400000
3800.824463 0.000000 913.733643 0.000000 0.807300 0.000000 -0.590141 0.400000 0.400000 0.400000
3800.997559 0.000000 897.443787 0.000000 0.729572 0.000000 0.683904 0.400000 0.400000 0.400000
3802.867920 0.000000 907.673889 0.000000 0.965210 0.000000 -0.261475 0.400000 0.400000 0.400000
3814.413330 0.000000 904.641541 0.000000 0.556372 0.000000 -0.830934 0.400000 0.400000 0.400000
3802.565430 0.000000 900.328369 0.000000 0.741965 0.000000 0.670438 0.400000 0.400000 0.400000
3810.737305 0.000000 903.667603 0.000000 0.034157 0.000000 0.999416 0.400000 0.400000 0.400000
3808.114746 0.000000 897.586731 0.000000 0.467729 0.000000 -0.883872 0.400000 0.400000 0.400000
3796.916748 0.000000 907.406860 0.000000 0.614900 0.000000 -0.788605 0.400000 0.400000 0.400000
3801.343018 0.000000 910.314880 0.000000 0.248104 0.000000 0.968733 0.400000 0.400000 0.400000
3805.683594 0.000000 900.435242 0.000000 0.485770 0.000000 0.874087 0.400000 0.400000 0.400000
3807.040771 0.000000 904.373413 0.000000 0.861984 0.000000 -0.506936 0.400000 0.400000 0.400000
3801.134766 0.000000 903.095337 0.000000 0.984408 0.000000 -0.175900 0.400000 0.400000 0.400000
3797.867432 0.000000 903.704956 0.000000 0.808761 0.000000 -0.588137 0.400000 0.400000 0.400000
3798.599854 0.000000 898.496277 0.000000 0.637922 0.000000 -0.770101 0.400000 0.400000 0.400000
3799.990234 0.000000 908.251282 0.000000 0.798712 0.000000 0.601713 0.400000 0.400000 0.400000
3804.507080 0.000000 905.884766 0.000000 0.998015 0.000000 0.062977 0.400000 0.400000 0.400000
"}
