object={
	name="tree_leaf_01_single_generator_1_0"
	render_pass=Map
	clamp_to_water_level=no
	generated_content=yes
	layer="tree_high_layer"
	pdxmesh="tree_leaf_01_single_a_mesh"
	count=31
	transform="3828.212646 0.000000 1006.084900 0.000000 0.964362 0.000000 0.264587 0.692981 0.692981 0.692981
3833.208740 0.000000 1007.460571 0.000000 0.935127 0.000000 -0.354313 0.716456 0.716456 0.716456
3834.160889 0.000000 994.959229 0.000000 0.939983 0.000000 -0.341222 0.745640 0.745640 0.745640
3826.312500 0.000000 998.965698 0.000000 0.803691 0.000000 -0.595047 0.844791 0.844791 0.844791
3832.682129 0.000000 997.027222 0.000000 0.057414 0.000000 -0.998351 0.898353 0.898353 0.898353
3838.024902 0.000000 997.786743 0.000000 0.651423 0.000000 0.758715 0.642800 0.642800 0.642800
3838.769043 0.000000 991.361694 0.000000 0.999518 0.000000 0.031048 0.696635 0.696635 0.696635
3834.024170 0.000000 1003.500732 0.000000 0.804086 0.000000 0.594513 0.616554 0.616554 0.616554
3825.719482 0.000000 1000.750122 0.000000 0.061982 0.000000 -0.998077 0.866113 0.866113 0.866113
3832.212646 0.000000 1001.268433 0.000000 0.889268 0.000000 -0.457387 0.763925 0.763925 0.763925
3835.134521 0.000000 996.531189 0.000000 0.605956 0.000000 -0.795498 0.820561 0.820561 0.820561
3833.941895 0.000000 999.877502 0.000000 0.900069 0.000000 -0.435747 0.759095 0.759095 0.759095
3830.347656 0.000000 1004.146362 0.000000 0.436094 0.000000 0.899901 0.478916 0.478916 0.478916
3827.696045 0.000000 999.771301 0.000000 0.449367 0.000000 0.893347 0.449019 0.449019 0.449019
3827.779297 0.000000 998.101501 0.000000 0.189408 0.000000 -0.981898 1.013570 1.013570 1.013570
3836.270996 0.000000 994.396179 0.000000 0.796012 0.000000 0.605281 0.614790 0.614790 0.614790
3833.441406 0.000000 998.412781 0.000000 0.011328 0.000000 -0.999936 0.904398 0.904398 0.904398
3828.778076 0.000000 1000.928833 0.000000 0.699976 0.000000 -0.714167 0.907123 0.907123 0.907123
3829.173096 0.000000 1004.995422 0.000000 0.992624 0.000000 -0.121230 0.720601 0.720601 0.720601
3831.842773 0.000000 1004.930725 0.000000 0.930881 0.000000 0.365322 0.626148 0.626148 0.626148
3832.893066 0.000000 1002.588013 0.000000 0.974747 0.000000 -0.223314 0.742506 0.742506 0.742506
3831.303467 0.000000 1002.264587 0.000000 0.031238 0.000000 0.999512 0.301806 0.301806 0.301806
3828.871338 0.000000 1002.262268 0.000000 0.910443 0.000000 0.413635 0.588959 0.588959 0.588959
3830.074463 0.000000 1002.824402 0.000000 0.787903 0.000000 -0.615800 0.871584 0.871584 0.871584
3832.938721 0.000000 1004.078369 0.000000 0.926311 0.000000 -0.376760 0.783036 0.783036 0.783036
3827.840332 0.000000 1002.860840 0.000000 0.065015 0.000000 -0.997884 1.084184 1.084184 1.084184
3826.321045 0.000000 1001.766785 0.000000 0.195993 0.000000 0.980605 0.339947 0.339947 0.339947
3831.131348 0.000000 1000.955750 0.000000 0.181080 0.000000 0.983468 0.394212 0.394212 0.394212
3826.644531 0.000000 1000.094971 0.000000 0.787697 0.000000 0.616063 0.526010 0.526010 0.526010
3829.520996 0.000000 1000.099121 0.000000 0.074350 0.000000 -0.997232 1.089642 1.089642 1.089642
3840.255371 0.000000 992.320068 0.000000 0.733800 0.000000 0.679366 0.602105 0.602105 0.602105
"}
