object={
	name="tree_leaf_high_generator_2_0"
	render_pass=Map
	clamp_to_water_level=no
	generated_content=yes
	layer="tree_high_layer"
	pdxmesh="tree_leaf_01_b_mesh"
	count=413
	transform="3761.153320 0.000000 848.094360 0.000000 0.651715 0.000000 0.758464 0.367759 0.367759 0.367759
3770.410645 0.000000 852.141174 0.000000 0.982711 0.000000 0.185144 0.385402 0.385402 0.385402
3767.371582 0.000000 845.488647 0.000000 0.628299 0.000000 0.777972 0.351929 0.351929 0.351929
3765.220947 0.000000 850.206177 0.000000 0.920268 0.000000 -0.391290 0.417063 0.417063 0.417063
3772.160889 0.000000 844.240906 0.000000 0.962404 0.000000 0.271622 0.385029 0.385029 0.385029
3770.936523 0.000000 847.535522 0.000000 0.519042 0.000000 -0.854748 0.463978 0.463978 0.463978
3772.074219 0.000000 850.438599 0.000000 0.397634 0.000000 -0.917544 0.487019 0.487019 0.487019
3771.918213 0.000000 840.386902 0.000000 0.244131 0.000000 0.969742 0.300824 0.300824 0.300824
3768.450928 0.000000 843.437256 0.000000 0.034594 0.000000 0.999401 0.299518 0.299518 0.299518
3775.610596 0.000000 850.374268 0.000000 0.241343 0.000000 0.970440 0.351630 0.351630 0.351630
3779.772705 0.000000 847.690857 0.000000 0.834371 0.000000 0.551204 0.378429 0.378429 0.378429
3598.302246 0.000000 970.930725 0.000000 0.978334 0.000000 -0.207032 0.402291 0.402291 0.402291
3589.036865 0.000000 973.051819 0.000000 0.643186 0.000000 -0.765710 0.458788 0.458788 0.458788
3823.781982 0.000000 1007.964661 0.000000 0.926496 0.000000 0.376304 0.394221 0.394221 0.394221
3839.128418 0.000000 1006.616028 0.000000 0.902828 0.000000 0.430003 0.392676 0.392676 0.392676
3823.713379 0.000000 999.214355 0.000000 0.883190 0.000000 0.469015 0.390981 0.390981 0.390981
3831.316895 0.000000 995.057007 0.000000 0.348399 0.000000 -0.937346 0.422445 0.422445 0.422445
3824.968018 0.000000 1004.271179 0.000000 0.789938 0.000000 -0.613187 0.414172 0.414172 0.414172
3824.060547 0.000000 995.605835 0.000000 0.593484 0.000000 -0.804846 0.430359 0.430359 0.430359
3820.926270 0.000000 1006.159546 0.000000 0.852080 0.000000 0.523411 0.383497 0.383497 0.383497
3837.126465 0.000000 992.847839 0.000000 0.324424 0.000000 0.945912 0.353549 0.353549 0.353549
3830.298096 0.000000 1008.290405 0.000000 0.054481 0.000000 0.998515 0.255394 0.255394 0.255394
3833.955322 0.000000 1001.651672 0.000000 0.606611 0.000000 0.794999 0.366044 0.366044 0.366044
3830.129883 0.000000 1001.525513 0.000000 0.783489 0.000000 -0.621405 0.460265 0.460265 0.460265
3824.158936 0.000000 1001.782288 0.000000 0.795686 0.000000 -0.605710 0.446783 0.446783 0.446783
3835.265625 0.000000 1005.955627 0.000000 0.767952 0.000000 -0.640507 0.455189 0.455189 0.455189
3839.439209 0.000000 996.123779 0.000000 0.816202 0.000000 -0.577767 0.428604 0.428604 0.428604
3837.416504 0.000000 1005.238220 0.000000 0.698913 0.000000 0.715207 0.349863 0.349863 0.349863
3835.861572 0.000000 991.079956 0.000000 0.834280 0.000000 0.551341 0.365010 0.365010 0.365010
3876.865234 0.000000 1021.195312 0.000000 0.917195 0.000000 0.398440 0.385267 0.385267 0.385267
3881.455811 0.000000 1023.696777 0.000000 0.728804 0.000000 -0.684722 0.438412 0.438412 0.438412
3841.821289 0.000000 991.692627 0.000000 0.623722 0.000000 0.781646 0.354749 0.354749 0.354749
3909.101318 0.000000 1023.703308 0.000000 0.719468 0.000000 0.694525 0.392716 0.392716 0.392716
3904.823730 0.000000 1016.311584 0.000000 0.981533 0.000000 0.191294 0.396540 0.396540 0.396540
3923.297363 0.000000 1008.103516 0.000000 0.131739 0.000000 -0.991284 0.426579 0.426579 0.426579
3931.798340 0.000000 1014.785828 0.000000 0.957266 0.000000 0.289207 0.389013 0.389013 0.389013
3905.473633 0.000000 1018.926270 0.000000 0.184714 0.000000 0.982792 0.348134 0.348134 0.348134
3949.423340 0.000000 1020.272522 0.000000 0.989802 0.000000 -0.142451 0.406637 0.406637 0.406637
3905.279785 0.000000 1022.826904 0.000000 0.873750 0.000000 -0.486376 0.435506 0.435506 0.435506
3599.768555 0.000000 1050.337646 0.000000 0.917732 0.000000 -0.397199 0.447928 0.447928 0.447928
3594.734375 0.000000 1048.821167 0.000000 0.447440 0.000000 -0.894314 0.524354 0.524354 0.524354
3602.511719 0.000000 1053.592773 0.000000 0.986495 0.000000 -0.163791 0.403697 0.403697 0.403697
3628.698242 0.000000 1033.611572 0.000000 0.389800 0.000000 -0.920899 0.444997 0.444997 0.444997
3617.445801 0.000000 1041.784668 0.000000 0.892814 0.000000 -0.450425 0.442694 0.442694 0.442694
3594.080078 0.000000 1051.586670 0.000000 0.971222 0.000000 0.238176 0.378266 0.378266 0.378266
3627.505371 0.000000 1026.460327 0.000000 0.883935 0.000000 -0.467609 0.436443 0.436443 0.436443
3629.167236 0.000000 1031.170654 0.000000 0.874908 0.000000 -0.484289 0.426000 0.426000 0.426000
3618.775146 0.000000 1046.765869 0.000000 0.629908 0.000000 0.776670 0.354705 0.354705 0.354705
3611.738770 0.000000 1041.328735 0.000000 0.942019 0.000000 0.335560 0.376763 0.376763 0.376763
3626.754395 0.000000 1028.659790 0.000000 0.045708 0.000000 0.998955 0.289585 0.289585 0.289585
3614.416504 0.000000 1049.307495 0.000000 0.843015 0.000000 0.537889 0.367673 0.367673 0.367673
3609.282471 0.000000 1043.989014 0.000000 0.999930 0.000000 -0.011816 0.400732 0.400732 0.400732
3624.226074 0.000000 1031.359253 0.000000 0.868132 0.000000 0.496334 0.367065 0.367065 0.367065
3690.762207 0.000000 1109.514038 0.000000 0.994513 0.000000 -0.104610 0.411774 0.411774 0.411774
3666.503906 0.000000 1117.577148 0.000000 0.432242 0.000000 0.901758 0.377555 0.377555 0.377555
3696.095215 0.000000 1112.890869 0.000000 0.912914 0.000000 0.408152 0.358015 0.358015 0.358015
3700.159668 0.000000 1101.013794 0.000000 0.552638 0.000000 0.833422 0.354740 0.354740 0.354740
3690.461670 0.000000 1112.351318 0.000000 0.999950 0.000000 0.009985 0.399651 0.399651 0.399651
3688.732422 0.000000 1107.676392 0.000000 0.941746 0.000000 0.336325 0.384757 0.384757 0.384757
3694.748047 0.000000 1120.851562 0.000000 0.275284 0.000000 0.961363 0.338719 0.338719 0.338719
3673.065430 0.000000 1118.203247 0.000000 0.233112 0.000000 -0.972450 0.508695 0.508695 0.508695
3692.912842 0.000000 1111.004395 0.000000 0.719210 0.000000 -0.694793 0.466352 0.466352 0.466352
3701.228760 0.000000 1106.143677 0.000000 0.198022 0.000000 0.980198 0.297283 0.297283 0.297283
3678.672119 0.000000 1109.196533 0.000000 0.802726 0.000000 0.596348 0.370968 0.370968 0.370968
3687.123291 0.000000 1115.795288 0.000000 0.934772 0.000000 0.355247 0.382954 0.382954 0.382954
3666.867432 0.000000 1115.177856 0.000000 0.484866 0.000000 -0.874588 0.482923 0.482923 0.482923
3696.074219 0.000000 1118.310547 0.000000 0.668983 0.000000 0.743278 0.355650 0.355650 0.355650
3704.263672 0.000000 1103.639160 0.000000 0.859724 0.000000 -0.510759 0.434261 0.434261 0.434261
3692.195801 0.000000 1116.142822 0.000000 0.932920 0.000000 -0.360084 0.428692 0.428692 0.428692
3668.744385 0.000000 1117.135498 0.000000 0.076482 0.000000 -0.997071 0.474609 0.474609 0.474609
3678.553223 0.000000 1121.284058 0.000000 0.818738 0.000000 0.574168 0.367631 0.367631 0.367631
3698.030518 0.000000 1113.916382 0.000000 0.517093 0.000000 -0.855929 0.453861 0.453861 0.453861
3703.533691 0.000000 1106.150391 0.000000 0.395528 0.000000 -0.918454 0.478472 0.478472 0.478472
3742.861816 0.000000 1079.683838 0.000000 0.442293 0.000000 -0.896871 0.522777 0.522777 0.522777
3740.257324 0.000000 1082.446899 0.000000 0.435132 0.000000 -0.900367 0.423500 0.423500 0.423500
3755.911621 0.000000 1056.822388 0.000000 0.493908 0.000000 -0.869514 0.506855 0.506855 0.506855
3747.698975 0.000000 1072.724243 0.000000 0.314991 0.000000 0.949095 0.363166 0.363166 0.363166
3753.964355 0.000000 1061.083862 0.000000 0.953023 0.000000 0.302897 0.370806 0.370806 0.370806
3751.855957 0.000000 1069.862915 0.000000 0.468517 0.000000 0.883455 0.349161 0.349161 0.349161
3747.525146 0.000000 1082.947021 0.000000 0.987311 0.000000 0.158798 0.388056 0.388056 0.388056
3761.372070 0.000000 1080.689575 0.000000 0.999505 0.000000 0.031475 0.398334 0.398334 0.398334
3754.925049 0.000000 1068.703613 0.000000 0.844619 0.000000 0.535368 0.357688 0.357688 0.357688
3750.475586 0.000000 1067.933350 0.000000 0.832838 0.000000 -0.553517 0.443933 0.443933 0.443933
3760.066406 0.000000 1054.326172 0.000000 0.612034 0.000000 0.790832 0.326672 0.326672 0.326672
3753.192139 0.000000 1064.814087 0.000000 0.144545 0.000000 -0.989498 0.491122 0.491122 0.491122
3755.193604 0.000000 1066.348145 0.000000 0.793727 0.000000 -0.608274 0.431996 0.431996 0.431996
3750.509766 0.000000 1083.468506 0.000000 0.200694 0.000000 0.979654 0.296804 0.296804 0.296804
3738.042969 0.000000 1081.853027 0.000000 0.803051 0.000000 0.595911 0.369080 0.369080 0.369080
3752.550781 0.000000 1077.062744 0.000000 0.971094 0.000000 0.238699 0.381948 0.381948 0.381948
3751.036133 0.000000 1065.534912 0.000000 0.848426 0.000000 0.529315 0.363237 0.363237 0.363237
3752.727295 0.000000 1073.334351 0.000000 0.311995 0.000000 -0.950084 0.492005 0.492005 0.492005
3835.996826 0.000000 1067.559448 0.000000 0.934161 0.000000 0.356851 0.356820 0.356820 0.356820
3837.320557 0.000000 1040.216064 0.000000 0.881244 0.000000 -0.472662 0.407129 0.407129 0.407129
3831.827393 0.000000 1067.508057 0.000000 0.395806 0.000000 0.918334 0.378498 0.378498 0.378498
3820.080322 0.000000 1086.515381 0.000000 0.996914 0.000000 -0.078502 0.401726 0.401726 0.401726
3834.979980 0.000000 1062.370728 0.000000 0.997490 0.000000 -0.070812 0.402088 0.402088 0.402088
3838.030762 0.000000 1050.806274 0.000000 0.102759 0.000000 -0.994706 0.463031 0.463031 0.463031
3834.402832 0.000000 1044.094238 0.000000 0.998592 0.000000 0.053054 0.396210 0.396210 0.396210
3839.439209 0.000000 1060.108154 0.000000 0.999973 0.000000 0.007361 0.399607 0.399607 0.399607
3836.066406 0.000000 1042.391724 0.000000 0.575989 0.000000 -0.817458 0.469285 0.469285 0.469285
3838.198242 0.000000 1112.050171 0.000000 0.542005 0.000000 -0.840375 0.420929 0.420929 0.420929
3839.518799 0.000000 1109.603638 0.000000 0.219524 0.000000 -0.975607 0.457273 0.457273 0.457273
3823.817383 0.000000 1173.662109 0.000000 0.960489 0.000000 -0.278319 0.430982 0.430982 0.430982
3832.179443 0.000000 1204.072876 0.000000 0.334922 0.000000 0.942246 0.261284 0.261284 0.261284
3806.238037 0.000000 1200.385864 0.000000 0.934291 0.000000 0.356512 0.397452 0.397452 0.397452
3837.126465 0.000000 1184.801025 0.000000 0.992776 0.000000 -0.119983 0.411710 0.411710 0.411710
3813.159668 0.000000 1175.317017 0.000000 0.413514 0.000000 -0.910498 0.441716 0.441716 0.441716
3834.686523 0.000000 1202.445068 0.000000 0.977057 0.000000 0.212980 0.379103 0.379103 0.379103
3830.298096 0.000000 1200.243530 0.000000 0.884738 0.000000 0.466088 0.383779 0.383779 0.383779
3821.385498 0.000000 1172.277344 0.000000 0.818881 0.000000 0.573963 0.344750 0.344750 0.344750
3831.064697 0.000000 1184.124268 0.000000 0.406167 0.000000 0.913799 0.348783 0.348783 0.348783
3839.158936 0.000000 1195.428467 0.000000 0.748823 0.000000 -0.662770 0.431111 0.431111 0.431111
3814.511230 0.000000 1169.567505 0.000000 0.992512 0.000000 -0.122151 0.410945 0.410945 0.410945
3836.762207 0.000000 1209.507935 0.000000 0.761786 0.000000 -0.647828 0.459116 0.459116 0.459116
3826.407715 0.000000 1199.967529 0.000000 0.731252 0.000000 0.682107 0.364394 0.364394 0.364394
3831.529053 0.000000 1212.019897 0.000000 0.060001 0.000000 0.998198 0.286095 0.286095 0.286095
3828.782959 0.000000 1195.572021 0.000000 0.698124 0.000000 0.715977 0.362146 0.362146 0.362146
3835.337158 0.000000 1214.884155 0.000000 0.682549 0.000000 0.730840 0.360307 0.360307 0.360307
3832.682129 0.000000 1188.980347 0.000000 0.018473 0.000000 -0.999829 0.487585 0.487585 0.487585
3815.512695 0.000000 1166.204834 0.000000 0.991493 0.000000 -0.130159 0.409385 0.409385 0.409385
3839.439209 0.000000 1188.076904 0.000000 0.159799 0.000000 -0.987150 0.492248 0.492248 0.492248
3828.250244 0.000000 1211.800415 0.000000 0.941335 0.000000 -0.337472 0.420453 0.420453 0.420453
3832.242432 0.000000 1201.567017 0.000000 0.180970 0.000000 -0.983489 0.483214 0.483214 0.483214
3809.029297 0.000000 1205.687500 0.000000 0.644655 0.000000 0.764474 0.353507 0.353507 0.353507
3838.024902 0.000000 1189.739868 0.000000 0.454379 0.000000 -0.890809 0.471893 0.471893 0.471893
3808.296387 0.000000 1196.548096 0.000000 0.779695 0.000000 -0.626160 0.440541 0.440541 0.440541
3832.725586 0.000000 1185.463867 0.000000 0.893709 0.000000 0.448646 0.371427 0.371427 0.371427
3791.911865 0.000000 1277.844604 0.000000 0.913731 0.000000 -0.406320 0.403761 0.403761 0.403761
3801.243652 0.000000 1271.494995 0.000000 0.886963 0.000000 0.461840 0.394247 0.394247 0.394247
3829.651855 0.000000 1231.484131 0.000000 0.960693 0.000000 0.277613 0.396067 0.396067 0.396067
3804.207520 0.000000 1268.112793 0.000000 0.982738 0.000000 -0.185002 0.403438 0.403438 0.403438
3826.593262 0.000000 1234.432739 0.000000 0.845705 0.000000 0.533650 0.336760 0.336760 0.336760
3831.827393 0.000000 1259.461182 0.000000 0.090397 0.000000 0.995906 0.235916 0.235916 0.235916
3837.126465 0.000000 1248.785400 0.000000 0.771910 0.000000 0.635732 0.329823 0.329823 0.329823
3798.661133 0.000000 1272.778320 0.000000 0.276784 0.000000 -0.960932 0.455408 0.455408 0.455408
3812.977539 0.000000 1270.481567 0.000000 0.994651 0.000000 -0.103290 0.408525 0.408525 0.408525
3803.813965 0.000000 1270.723267 0.000000 0.211423 0.000000 -0.977395 0.468473 0.468473 0.468473
3830.129883 0.000000 1257.463013 0.000000 0.450449 0.000000 -0.892802 0.491466 0.491466 0.491466
3838.030762 0.000000 1242.759399 0.000000 0.935144 0.000000 0.354267 0.369623 0.369623 0.369623
3819.481934 0.000000 1218.413452 0.000000 0.762975 0.000000 0.646428 0.361745 0.361745 0.361745
3829.261230 0.000000 1218.746094 0.000000 0.284232 0.000000 0.958755 0.312264 0.312264 0.312264
3830.683594 0.000000 1261.730957 0.000000 0.938810 0.000000 -0.344436 0.421069 0.421069 0.421069
3832.751709 0.000000 1240.967896 0.000000 0.585735 0.000000 0.810502 0.339603 0.339603 0.339603
3836.153076 0.000000 1228.147095 0.000000 0.900295 0.000000 -0.435280 0.422486 0.422486 0.422486
3834.928711 0.000000 1231.441772 0.000000 0.380483 0.000000 -0.924788 0.484877 0.484877 0.484877
3839.439209 0.000000 1252.061279 0.000000 0.981692 0.000000 -0.190475 0.412440 0.412440 0.412440
3833.962158 0.000000 1220.000366 0.000000 0.379143 0.000000 -0.925338 0.495604 0.495604 0.495604
3832.248047 0.000000 1231.607910 0.000000 0.999665 0.000000 -0.025890 0.401616 0.401616 0.401616
3823.241699 0.000000 1219.608276 0.000000 0.632020 0.000000 -0.774952 0.454453 0.454453 0.454453
3825.227295 0.000000 1216.362549 0.000000 0.156392 0.000000 -0.987695 0.473414 0.473414 0.473414
3835.625000 0.000000 1244.412842 0.000000 0.110712 0.000000 0.993852 0.294307 0.294307 0.294307
3818.709473 0.000000 1269.318970 0.000000 0.534139 0.000000 0.845397 0.325562 0.325562 0.325562
3838.024902 0.000000 1253.724243 0.000000 0.930341 0.000000 0.366694 0.375629 0.375629 0.375629
3892.415527 0.000000 1031.053223 0.000000 0.634661 0.000000 -0.772791 0.499226 0.499226 0.499226
3864.938477 0.000000 1060.480713 0.000000 0.805757 0.000000 0.592246 0.326576 0.326576 0.326576
3844.892578 0.000000 1048.076416 0.000000 0.619534 0.000000 -0.784970 0.503210 0.503210 0.503210
3859.407227 0.000000 1045.228882 0.000000 0.999935 0.000000 -0.011407 0.401338 0.401338 0.401338
3847.968994 0.000000 1063.675537 0.000000 0.902158 0.000000 -0.431406 0.413140 0.413140 0.413140
3893.901367 0.000000 1078.525024 0.000000 0.458905 0.000000 -0.888485 0.434961 0.434961 0.434961
3901.410645 0.000000 1027.907104 0.000000 0.543107 0.000000 0.839663 0.361184 0.361184 0.361184
3844.977539 0.000000 1051.854858 0.000000 0.414873 0.000000 0.909879 0.287000 0.287000 0.287000
3862.845947 0.000000 1052.284790 0.000000 0.840317 0.000000 0.542095 0.378545 0.378545 0.378545
3853.574219 0.000000 1048.312866 0.000000 0.925696 0.000000 -0.378267 0.435640 0.435640 0.435640
3869.924072 0.000000 1055.070435 0.000000 0.698532 0.000000 -0.715579 0.431456 0.431456 0.431456
3884.666992 0.000000 1033.611572 0.000000 0.968395 0.000000 -0.249423 0.409440 0.409440 0.409440
3858.765381 0.000000 1069.314453 0.000000 0.908781 0.000000 0.417274 0.383881 0.383881 0.383881
3871.032959 0.000000 1032.342163 0.000000 0.200769 0.000000 -0.979639 0.451254 0.451254 0.451254
3880.007324 0.000000 1046.431519 0.000000 0.635983 0.000000 0.771703 0.366989 0.366989 0.366989
3903.151123 0.000000 1067.459717 0.000000 0.985526 0.000000 -0.169527 0.414970 0.414970 0.414970
3867.261963 0.000000 1045.169189 0.000000 0.715866 0.000000 -0.698237 0.434734 0.434734 0.434734
3867.877930 0.000000 1053.278687 0.000000 0.354672 0.000000 0.934991 0.295029 0.295029 0.295029
3845.276611 0.000000 1059.130615 0.000000 0.674716 0.000000 -0.738077 0.467569 0.467569 0.467569
3878.961426 0.000000 1023.803833 0.000000 0.806507 0.000000 -0.591224 0.450536 0.450536 0.450536
3845.460693 0.000000 1054.487183 0.000000 0.381494 0.000000 -0.924371 0.497754 0.497754 0.497754
3882.125732 0.000000 1034.408813 0.000000 0.562168 0.000000 0.827023 0.348947 0.348947 0.348947
3849.330811 0.000000 1055.164062 0.000000 0.892484 0.000000 0.451079 0.382475 0.382475 0.382475
3841.497314 0.000000 1072.647705 0.000000 0.076138 0.000000 0.997097 0.282837 0.282837 0.282837
3867.841309 0.000000 1058.465942 0.000000 0.997498 0.000000 -0.070690 0.405687 0.405687 0.405687
3883.474121 0.000000 1026.460327 0.000000 0.269986 0.000000 0.962864 0.337162 0.337162 0.337162
3870.254395 0.000000 1040.895508 0.000000 0.371544 0.000000 -0.928415 0.460613 0.460613 0.460613
3839.740234 0.000000 1065.023804 0.000000 0.708854 0.000000 0.705356 0.364817 0.364817 0.364817
3842.304199 0.000000 1041.887573 0.000000 0.968783 0.000000 -0.247911 0.421390 0.421390 0.421390
3863.982422 0.000000 1036.219971 0.000000 0.726060 0.000000 0.687632 0.355705 0.355705 0.355705
3849.787842 0.000000 1075.544312 0.000000 0.868227 0.000000 0.496167 0.376151 0.376151 0.376151
3872.327393 0.000000 1050.424683 0.000000 0.044068 0.000000 -0.999029 0.522731 0.522731 0.522731
3842.023438 0.000000 1069.216919 0.000000 0.720303 0.000000 0.693660 0.359811 0.359811 0.359811
3903.163330 0.000000 1082.268555 0.000000 0.417277 0.000000 0.908780 0.344769 0.344769 0.344769
3889.679688 0.000000 1031.679565 0.000000 0.994970 0.000000 0.100178 0.392484 0.392484 0.392484
3899.902588 0.000000 1032.339966 0.000000 0.250662 0.000000 0.968075 0.325668 0.325668 0.325668
3855.969238 0.000000 1066.657349 0.000000 0.896739 0.000000 -0.442560 0.434336 0.434336 0.434336
3887.233887 0.000000 1027.655151 0.000000 0.282975 0.000000 -0.959127 0.462824 0.462824 0.462824
3871.467041 0.000000 1043.012695 0.000000 0.832676 0.000000 -0.553760 0.432820 0.432820 0.432820
3893.864746 0.000000 1032.772095 0.000000 0.996001 0.000000 0.089341 0.395310 0.395310 0.395310
3850.503418 0.000000 1067.424683 0.000000 0.011796 0.000000 -0.999930 0.509758 0.509758 0.509758
3839.639893 0.000000 1067.743774 0.000000 0.472574 0.000000 -0.881291 0.460856 0.460856 0.460856
3891.336670 0.000000 1085.783081 0.000000 0.055391 0.000000 0.998465 0.294827 0.294827 0.294827
3875.076172 0.000000 1051.409546 0.000000 0.639274 0.000000 0.768979 0.339554 0.339554 0.339554
3946.508789 0.000000 1031.696655 0.000000 0.052024 0.000000 -0.998646 0.575932 0.575932 0.575932
3958.219727 0.000000 1035.013794 0.000000 0.986899 0.000000 0.161338 0.381957 0.381957 0.381957
3940.805908 0.000000 1066.029297 0.000000 0.885432 0.000000 -0.464770 0.413757 0.413757 0.413757
3908.792236 0.000000 1065.424194 0.000000 0.990455 0.000000 -0.137836 0.403935 0.403935 0.403935
3942.397705 0.000000 1032.610229 0.000000 0.262988 0.000000 -0.964799 0.433875 0.433875 0.433875
3918.982422 0.000000 1077.868652 0.000000 0.838761 0.000000 -0.544500 0.457500 0.457500 0.457500
3917.551270 0.000000 1067.131348 0.000000 0.756161 0.000000 -0.654386 0.427783 0.427783 0.427783
3924.312256 0.000000 1074.918091 0.000000 0.905192 0.000000 -0.425004 0.440548 0.440548 0.440548
3922.360840 0.000000 1048.640869 0.000000 0.203772 0.000000 -0.979018 0.445684 0.445684 0.445684
3942.954102 0.000000 1060.306885 0.000000 0.119649 0.000000 -0.992816 0.532570 0.532570 0.532570
3926.645508 0.000000 1080.825195 0.000000 0.329731 0.000000 -0.944075 0.451173 0.451173 0.451173
3911.537842 0.000000 1060.843262 0.000000 0.908140 0.000000 0.418666 0.384255 0.384255 0.384255
3943.999512 0.000000 1046.431519 0.000000 0.988988 0.000000 -0.147994 0.413202 0.413202 0.413202
3905.157959 0.000000 1077.469604 0.000000 0.866263 0.000000 -0.499589 0.419590 0.419590 0.419590
3923.648193 0.000000 1080.215820 0.000000 0.813943 0.000000 -0.580944 0.427856 0.427856 0.427856
3909.452881 0.000000 1054.487183 0.000000 0.514859 0.000000 -0.857275 0.452455 0.452455 0.452455
3955.724121 0.000000 1051.447388 0.000000 0.770026 0.000000 0.638012 0.346451 0.346451 0.346451
3945.786377 0.000000 1037.469604 0.000000 0.205296 0.000000 0.978700 0.282174 0.282174 0.282174
3957.197510 0.000000 1042.159302 0.000000 0.523800 0.000000 0.851841 0.319062 0.319062 0.319062
3957.245605 0.000000 1026.792969 0.000000 0.585903 0.000000 0.810381 0.343390 0.343390 0.343390
3953.985840 0.000000 1047.299805 0.000000 0.064672 0.000000 -0.997907 0.513552 0.513552 0.513552
3903.732422 0.000000 1065.023804 0.000000 0.420315 0.000000 0.907378 0.340390 0.340390 0.340390
3942.320557 0.000000 1054.825073 0.000000 0.624837 0.000000 0.780755 0.332455 0.332455 0.332455
3925.568359 0.000000 1057.482788 0.000000 0.991046 0.000000 0.133517 0.390037 0.390037 0.390037
3917.092285 0.000000 1062.701294 0.000000 0.343543 0.000000 0.939137 0.335423 0.335423 0.335423
3921.712891 0.000000 1059.951660 0.000000 0.495068 0.000000 0.868854 0.346903 0.346903 0.346903
3920.784912 0.000000 1062.719238 0.000000 0.561718 0.000000 -0.827329 0.476866 0.476866 0.476866
3921.372559 0.000000 1055.786255 0.000000 0.134224 0.000000 0.990951 0.318969 0.318969 0.318969
3919.187988 0.000000 1075.450806 0.000000 0.708744 0.000000 -0.705466 0.449657 0.449657 0.449657
3922.836182 0.000000 1051.193481 0.000000 0.644344 0.000000 0.764736 0.350877 0.350877 0.350877
3924.021973 0.000000 1055.459961 0.000000 0.920851 0.000000 -0.389915 0.431999 0.431999 0.431999
3906.015625 0.000000 1069.216919 0.000000 0.880118 0.000000 0.474755 0.373324 0.373324 0.373324
3943.497070 0.000000 1038.236084 0.000000 0.217086 0.000000 0.976152 0.307518 0.307518 0.307518
3952.042969 0.000000 1054.326172 0.000000 0.708846 0.000000 0.705363 0.349961 0.349961 0.349961
3919.961426 0.000000 1066.657349 0.000000 0.140962 0.000000 -0.990015 0.480648 0.480648 0.480648
3921.147705 0.000000 1071.059326 0.000000 0.365623 0.000000 -0.930763 0.477067 0.477067 0.477067
3924.713135 0.000000 1053.151123 0.000000 0.926045 0.000000 0.377414 0.373334 0.373334 0.373334
3955.426270 0.000000 1040.278809 0.000000 0.990398 0.000000 0.138248 0.391274 0.391274 0.391274
3917.330566 0.000000 1055.268799 0.000000 0.999931 0.000000 0.011744 0.399208 0.399208 0.399208
3903.595459 0.000000 1032.998901 0.000000 0.889834 0.000000 0.456284 0.372557 0.372557 0.372557
3943.012695 0.000000 1065.534912 0.000000 0.999825 0.000000 -0.018689 0.401325 0.401325 0.401325
3937.013672 0.000000 1077.718750 0.000000 0.872302 0.000000 0.488967 0.369898 0.369898 0.369898
3927.611572 0.000000 1078.044556 0.000000 0.470522 0.000000 0.882388 0.343870 0.343870 0.343870
3906.552979 0.000000 1058.424072 0.000000 0.816959 0.000000 0.576695 0.361943 0.361943 0.361943
3929.613770 0.000000 1067.937988 0.000000 0.992731 0.000000 -0.120353 0.408072 0.408072 0.408072
3841.876221 0.000000 1108.312744 0.000000 0.841866 0.000000 -0.539687 0.465752 0.465752 0.465752
3842.812256 0.000000 1093.605835 0.000000 0.677004 0.000000 0.735979 0.379764 0.379764 0.379764
3848.678711 0.000000 1104.932495 0.000000 0.614424 0.000000 -0.788976 0.432230 0.432230 0.432230
3901.118652 0.000000 1120.816650 0.000000 0.898824 0.000000 -0.438310 0.416991 0.416991 0.416991
3902.485840 0.000000 1150.389404 0.000000 0.904324 0.000000 -0.426847 0.414753 0.414753 0.414753
3864.050781 0.000000 1113.048462 0.000000 0.617057 0.000000 -0.786918 0.426232 0.426232 0.426232
3839.602783 0.000000 1106.311768 0.000000 0.974872 0.000000 0.222766 0.392148 0.392148 0.392148
3860.320068 0.000000 1138.902466 0.000000 0.249825 0.000000 -0.968291 0.438836 0.438836 0.438836
3864.361084 0.000000 1121.405518 0.000000 0.777217 0.000000 0.629233 0.374514 0.374514 0.374514
3862.845947 0.000000 1116.269165 0.000000 0.916625 0.000000 0.399749 0.384600 0.384600 0.384600
3848.672363 0.000000 1100.826294 0.000000 0.933459 0.000000 0.358685 0.383148 0.383148 0.383148
3869.924072 0.000000 1119.054810 0.000000 0.814113 0.000000 0.580707 0.376797 0.376797 0.376797
3887.001465 0.000000 1099.509155 0.000000 0.447347 0.000000 0.894361 0.304377 0.304377 0.304377
3883.770752 0.000000 1103.269531 0.000000 0.999983 0.000000 -0.005828 0.400532 0.400532 0.400532
3859.656006 0.000000 1144.200195 0.000000 0.989617 0.000000 0.143729 0.393951 0.393951 0.393951
3882.125732 0.000000 1098.393188 0.000000 0.952429 0.000000 0.304761 0.385156 0.385156 0.385156
3875.683105 0.000000 1107.092041 0.000000 0.097040 0.000000 -0.995280 0.531705 0.531705 0.531705
3884.889404 0.000000 1111.004395 0.000000 0.464308 0.000000 -0.885674 0.453236 0.453236 0.453236
3870.648682 0.000000 1109.196533 0.000000 0.870717 0.000000 0.491784 0.375355 0.375355 0.375355
3879.099854 0.000000 1115.795288 0.000000 0.306187 0.000000 0.951971 0.341509 0.341509 0.341509
3876.922607 0.000000 1114.273193 0.000000 0.164466 0.000000 -0.986383 0.472989 0.472989 0.472989
3899.329346 0.000000 1150.899780 0.000000 0.936258 0.000000 0.351313 0.378671 0.378671 0.378671
3899.257812 0.000000 1133.924438 0.000000 0.989280 0.000000 0.146033 0.387560 0.387560 0.387560
3903.163330 0.000000 1146.252930 0.000000 0.644514 0.000000 -0.764592 0.459106 0.459106 0.459106
3893.864746 0.000000 1096.756470 0.000000 0.161749 0.000000 -0.986832 0.479461 0.479461 0.479461
3893.350586 0.000000 1093.043213 0.000000 0.480034 0.000000 -0.877250 0.480147 0.480147 0.480147
3898.289307 0.000000 1140.655029 0.000000 0.144506 0.000000 -0.989504 0.502515 0.502515 0.502515
3854.736084 0.000000 1145.416992 0.000000 0.615742 0.000000 -0.787948 0.455279 0.455279 0.455279
3902.202637 0.000000 1148.213623 0.000000 0.806885 0.000000 -0.590709 0.437864 0.437864 0.437864
3900.926270 0.000000 1143.263306 0.000000 0.044002 0.000000 0.999031 0.298609 0.298609 0.298609
3908.435059 0.000000 1141.155151 0.000000 0.983852 0.000000 -0.178982 0.401977 0.401977 0.401977
3918.679443 0.000000 1102.363770 0.000000 0.990174 0.000000 0.139844 0.395937 0.395937 0.395937
3916.009521 0.000000 1096.601929 0.000000 0.710240 0.000000 -0.703959 0.426516 0.426516 0.426516
3917.551270 0.000000 1131.115723 0.000000 0.563209 0.000000 0.826315 0.363580 0.363580 0.363580
3924.312256 0.000000 1138.902466 0.000000 0.972965 0.000000 -0.230951 0.409542 0.409542 0.409542
3906.331787 0.000000 1127.676636 0.000000 0.155518 0.000000 -0.987833 0.457214 0.457214 0.457214
3909.579102 0.000000 1109.174805 0.000000 0.684401 0.000000 -0.729106 0.425700 0.425700 0.425700
3917.441650 0.000000 1105.319092 0.000000 0.334388 0.000000 0.942436 0.361928 0.361928 0.361928
3903.573486 0.000000 1115.718140 0.000000 0.974511 0.000000 0.224341 0.391979 0.391979 0.391979
3926.605957 0.000000 1135.208008 0.000000 0.959244 0.000000 0.282577 0.389272 0.389272 0.389272
3913.185303 0.000000 1091.714966 0.000000 0.356806 0.000000 0.934179 0.350624 0.350624 0.350624
3912.131104 0.000000 1111.042725 0.000000 0.546670 0.000000 0.837348 0.362836 0.362836 0.362836
3927.908691 0.000000 1130.743652 0.000000 0.861219 0.000000 -0.508233 0.419965 0.419965 0.419965
3922.757568 0.000000 1133.298828 0.000000 0.937909 0.000000 -0.346881 0.415565 0.415565 0.415565
3906.132812 0.000000 1111.035156 0.000000 0.211455 0.000000 -0.977388 0.450845 0.450845 0.450845
3917.812012 0.000000 1134.776001 0.000000 0.122893 0.000000 0.992420 0.330612 0.330612 0.330612
3903.732422 0.000000 1129.008179 0.000000 0.999088 0.000000 0.042698 0.398102 0.398102 0.398102
3906.490234 0.000000 1138.971191 0.000000 0.230137 0.000000 0.973158 0.299745 0.299745 0.299745
3919.187988 0.000000 1139.435181 0.000000 0.761904 0.000000 0.647690 0.365525 0.365525 0.365525
3915.802979 0.000000 1090.776123 0.000000 0.255683 0.000000 -0.966761 0.498282 0.498282 0.498282
3906.015625 0.000000 1133.201294 0.000000 0.174756 0.000000 0.984612 0.300385 0.300385 0.300385
3911.034424 0.000000 1097.207031 0.000000 0.285854 0.000000 0.958273 0.307263 0.307263 0.307263
3903.525146 0.000000 1146.123291 0.000000 0.088392 0.000000 -0.996086 0.500657 0.500657 0.500657
3917.382568 0.000000 1100.766113 0.000000 0.657189 0.000000 0.753726 0.345438 0.345438 0.345438
3850.904053 0.000000 1189.526855 0.000000 0.998973 0.000000 0.045320 0.394907 0.394907 0.394907
3870.465088 0.000000 1179.978149 0.000000 0.090446 0.000000 0.995901 0.221140 0.221140 0.221140
3884.747070 0.000000 1188.108276 0.000000 0.096863 0.000000 0.995298 0.232221 0.232221 0.232221
3880.690186 0.000000 1181.873413 0.000000 0.995474 0.000000 0.095035 0.389307 0.389307 0.389307
3840.831543 0.000000 1208.264771 0.000000 0.437566 0.000000 -0.899186 0.418420 0.418420 0.418420
3875.545166 0.000000 1188.859497 0.000000 0.470141 0.000000 0.882591 0.380023 0.380023 0.380023
3889.230957 0.000000 1180.102417 0.000000 0.663824 0.000000 -0.747889 0.418140 0.418140 0.418140
3890.384521 0.000000 1215.693848 0.000000 0.993883 0.000000 -0.110436 0.403205 0.403205 0.403205
3890.540283 0.000000 1161.890747 0.000000 0.997408 0.000000 -0.071955 0.401546 0.401546 0.401546
3883.895996 0.000000 1184.791138 0.000000 0.957525 0.000000 0.288351 0.389776 0.389776 0.389776
3873.539795 0.000000 1180.885864 0.000000 0.056533 0.000000 -0.998401 0.437804 0.437804 0.437804
3888.071777 0.000000 1176.875244 0.000000 0.711538 0.000000 0.702647 0.378215 0.378215 0.378215
3891.898682 0.000000 1209.534546 0.000000 0.963058 0.000000 -0.269295 0.406943 0.406943 0.406943
3898.085938 0.000000 1210.146851 0.000000 0.031980 0.000000 0.999489 0.346984 0.346984 0.346984
3889.137695 0.000000 1168.016235 0.000000 0.938563 0.000000 0.345109 0.385925 0.385925 0.385925
3900.409912 0.000000 1205.180786 0.000000 0.731274 0.000000 -0.682084 0.433356 0.433356 0.433356
3890.399902 0.000000 1199.967529 0.000000 0.491878 0.000000 0.870664 0.312427 0.312427 0.312427
3841.497314 0.000000 1200.616455 0.000000 0.522308 0.000000 0.852757 0.354618 0.354618 0.354618
3887.919189 0.000000 1171.036377 0.000000 0.375218 0.000000 0.926937 0.335443 0.335443 0.335443
3884.889404 0.000000 1174.988770 0.000000 0.688752 0.000000 -0.724997 0.462768 0.462768 0.462768
3888.151123 0.000000 1193.735474 0.000000 0.873741 0.000000 -0.486391 0.421812 0.421812 0.421812
3883.128418 0.000000 1182.366577 0.000000 0.862634 0.000000 0.505829 0.358690 0.358690 0.358690
3894.675781 0.000000 1197.746582 0.000000 0.009362 0.000000 -0.999956 0.489659 0.489659 0.489659
3899.257812 0.000000 1197.908813 0.000000 0.911724 0.000000 -0.410804 0.424520 0.424520 0.424520
3872.327393 0.000000 1178.393433 0.000000 0.973421 0.000000 -0.229022 0.411653 0.411653 0.411653
3896.392090 0.000000 1206.579102 0.000000 0.857573 0.000000 0.514363 0.374912 0.374912 0.374912
3842.023438 0.000000 1197.185669 0.000000 0.988559 0.000000 0.150835 0.391835 0.391835 0.391835
3885.601807 0.000000 1192.605713 0.000000 0.952311 0.000000 -0.305128 0.423223 0.423223 0.423223
3903.163330 0.000000 1210.237305 0.000000 0.466639 0.000000 0.884448 0.351770 0.351770 0.351770
3893.714844 0.000000 1204.065430 0.000000 0.584560 0.000000 0.811350 0.329114 0.329114 0.329114
3903.431396 0.000000 1188.076904 0.000000 0.436472 0.000000 0.899718 0.347474 0.347474 0.347474
3897.954346 0.000000 1156.015991 0.000000 0.843424 0.000000 -0.537248 0.445028 0.445028 0.445028
3892.242432 0.000000 1211.800415 0.000000 0.414733 0.000000 -0.909943 0.474773 0.474773 0.474773
3871.467041 0.000000 1170.981445 0.000000 0.883631 0.000000 0.468184 0.371293 0.371293 0.371293
3893.864746 0.000000 1160.740845 0.000000 0.768328 0.000000 -0.640056 0.442657 0.442657 0.442657
3890.809570 0.000000 1204.064209 0.000000 0.944234 0.000000 0.329276 0.379728 0.379728 0.379728
3899.119385 0.000000 1151.835693 0.000000 0.974976 0.000000 -0.222312 0.413321 0.413321 0.413321
3897.058594 0.000000 1158.044800 0.000000 0.868004 0.000000 0.496557 0.364195 0.364195 0.364195
3839.567871 0.000000 1188.365601 0.000000 0.183885 0.000000 -0.982948 0.490648 0.490648 0.490648
3918.982422 0.000000 1205.837402 0.000000 0.999989 0.000000 -0.004660 0.400156 0.400156 0.400156
3917.223145 0.000000 1214.582886 0.000000 0.590261 0.000000 -0.807212 0.445968 0.445968 0.445968
3917.812012 0.000000 1198.760376 0.000000 0.289767 0.000000 -0.957097 0.495629 0.495629 0.495629
3903.732422 0.000000 1192.992554 0.000000 0.682164 0.000000 0.731200 0.333665 0.333665 0.333665
3919.187988 0.000000 1203.419556 0.000000 0.252338 0.000000 -0.967639 0.465694 0.465694 0.465694
3905.279785 0.000000 1214.780029 0.000000 0.956574 0.000000 -0.291491 0.419495 0.419495 0.419495
3915.095215 0.000000 1206.648438 0.000000 0.790292 0.000000 0.612731 0.363118 0.363118 0.363118
3914.495605 0.000000 1195.393433 0.000000 0.318227 0.000000 -0.948015 0.493391 0.493391 0.493391
3915.549561 0.000000 1202.285034 0.000000 0.684694 0.000000 -0.728831 0.453007 0.453007 0.453007
3862.504883 0.000000 1247.135010 0.000000 0.416637 0.000000 0.909073 0.271809 0.271809 0.271809
3873.320557 0.000000 1236.615112 0.000000 0.936431 0.000000 -0.350852 0.439378 0.439378 0.439378
3859.156738 0.000000 1253.922363 0.000000 0.738325 0.000000 0.674445 0.396304 0.396304 0.396304
3870.247314 0.000000 1251.511841 0.000000 0.145624 0.000000 -0.989340 0.570011 0.570011 0.570011
3841.848877 0.000000 1225.164917 0.000000 0.632373 0.000000 0.774664 0.300442 0.300442 0.300442
3887.384521 0.000000 1224.577393 0.000000 0.890255 0.000000 -0.455462 0.406847 0.406847 0.406847
3886.104248 0.000000 1233.033936 0.000000 0.318293 0.000000 -0.947992 0.539456 0.539456 0.539456
3842.812256 0.000000 1221.574585 0.000000 0.372799 0.000000 -0.927912 0.429085 0.429085 0.429085
3856.139893 0.000000 1238.723267 0.000000 0.955162 0.000000 0.296085 0.367731 0.367731 0.367731
3891.472168 0.000000 1216.139893 0.000000 0.953336 0.000000 0.301911 0.389280 0.389280 0.389280
3853.449463 0.000000 1233.287842 0.000000 0.863917 0.000000 -0.503634 0.420029 0.420029 0.420029
3858.368652 0.000000 1240.593994 0.000000 0.543370 0.000000 0.839493 0.303985 0.303985 0.303985
3867.825439 0.000000 1253.034424 0.000000 0.873340 0.000000 -0.487111 0.419561 0.419561 0.419561
3848.672363 0.000000 1228.795044 0.000000 0.966420 0.000000 -0.256969 0.408694 0.408694 0.408694
3869.924072 0.000000 1247.023560 0.000000 0.620266 0.000000 0.784392 0.361280 0.361280 0.361280
3887.001465 0.000000 1227.477905 0.000000 0.991358 0.000000 0.131186 0.395533 0.395533 0.395533
3850.748779 0.000000 1237.960571 0.000000 0.791811 0.000000 0.610766 0.342261 0.342261 0.342261
3856.572998 0.000000 1235.940552 0.000000 0.999582 0.000000 0.028906 0.398672 0.398672 0.398672
3880.708984 0.000000 1235.645142 0.000000 0.033002 0.000000 0.999455 0.259487 0.259487 0.259487
3867.877930 0.000000 1245.231812 0.000000 0.992750 0.000000 0.120198 0.394044 0.394044 0.394044
3875.683105 0.000000 1235.060791 0.000000 0.923065 0.000000 0.384643 0.369444 0.369444 0.369444
3884.889404 0.000000 1238.973145 0.000000 0.724998 0.000000 -0.688751 0.440591 0.440591 0.440591
3867.841309 0.000000 1250.419067 0.000000 0.941517 0.000000 0.336965 0.370483 0.370483 0.370483
3893.205322 0.000000 1234.112427 0.000000 0.331362 0.000000 0.943504 0.327351 0.327351 0.327351
3889.993652 0.000000 1239.252930 0.000000 0.348875 0.000000 0.937169 0.343607 0.343607 0.343607
3842.304199 0.000000 1233.840698 0.000000 0.722204 0.000000 0.691680 0.342793 0.342793 0.342793
3874.743896 0.000000 1238.718994 0.000000 0.393304 0.000000 -0.919409 0.478635 0.478635 0.478635
3861.576172 0.000000 1249.435913 0.000000 0.716712 0.000000 -0.697370 0.453946 0.453946 0.453946
3849.787842 0.000000 1267.497437 0.000000 0.244163 0.000000 -0.969734 0.471405 0.471405 0.471405
3860.029785 0.000000 1247.413086 0.000000 0.191120 0.000000 0.981567 0.289873 0.289873 0.289873
3889.679688 0.000000 1223.632690 0.000000 0.486846 0.000000 -0.873488 0.471608 0.471608 0.471608
3849.123535 0.000000 1261.102295 0.000000 0.383608 0.000000 0.923496 0.325358 0.325358 0.325358
3862.919678 0.000000 1253.997437 0.000000 0.301497 0.000000 -0.953467 0.463771 0.463771 0.463771
3870.529785 0.000000 1249.252808 0.000000 0.348073 0.000000 -0.937468 0.478277 0.478277 0.478277
3891.434082 0.000000 1232.231934 0.000000 0.991698 0.000000 -0.128585 0.409657 0.409657 0.409657
3850.503418 0.000000 1259.377808 0.000000 0.985503 0.000000 -0.169656 0.412768 0.412768 0.412768
3890.750488 0.000000 1221.448975 0.000000 0.598649 0.000000 0.801012 0.342019 0.342019 0.342019
3839.567871 0.000000 1252.349976 0.000000 0.864110 0.000000 -0.503303 0.434235 0.434235 0.434235
3911.525879 0.000000 1241.824829 0.000000 0.994369 0.000000 -0.105972 0.403870 0.403870 0.403870
3915.802979 0.000000 1218.744873 0.000000 0.376814 0.000000 -0.926289 0.485753 0.485753 0.485753
3908.056641 0.000000 1219.486328 0.000000 0.392836 0.000000 0.919608 0.317834 0.317834 0.317834
3904.891602 0.000000 1220.788086 0.000000 0.906703 0.000000 -0.421769 0.429349 0.429349 0.429349
3761.908936 0.000000 1340.079956 0.000000 0.695883 0.000000 0.718155 0.309995 0.309995 0.309995
3772.976807 0.000000 1300.511108 0.000000 0.154977 0.000000 -0.987918 0.565349 0.565349 0.565349
3769.904785 0.000000 1302.628174 0.000000 0.993647 0.000000 -0.112541 0.402985 0.402985 0.402985
3762.400146 0.000000 1343.662598 0.000000 0.564752 0.000000 0.825261 0.377221 0.377221 0.377221
3775.526611 0.000000 1301.556763 0.000000 0.934748 0.000000 -0.355311 0.418681 0.418681 0.418681
3774.038574 0.000000 1306.743774 0.000000 0.967249 0.000000 -0.253830 0.419606 0.419606 0.419606
3761.372070 0.000000 1336.627075 0.000000 0.293320 0.000000 -0.956014 0.469288 0.469288 0.469288
3772.160889 0.000000 1292.131470 0.000000 0.737598 0.000000 -0.675241 0.445156 0.445156 0.445156
3765.730469 0.000000 1332.034180 0.000000 0.561684 0.000000 0.827352 0.323131 0.323131 0.323131
3772.074219 0.000000 1298.329224 0.000000 0.419207 0.000000 -0.907891 0.489227 0.489227 0.489227
3764.258057 0.000000 1339.769165 0.000000 0.349246 0.000000 -0.937031 0.483652 0.483652 0.483652
3773.424316 0.000000 1325.160156 0.000000 0.999111 0.000000 -0.042157 0.402232 0.402232 0.402232
3763.352295 0.000000 1341.720581 0.000000 0.999911 0.000000 0.013365 0.399173 0.399173 0.399173
3780.791992 0.000000 1317.719727 0.000000 0.387181 0.000000 0.922004 0.268195 0.268195 0.268195
3790.278809 0.000000 1290.852539 0.000000 0.334761 0.000000 -0.942303 0.416575 0.416575 0.416575
3779.796631 0.000000 1327.048584 0.000000 0.966034 0.000000 0.258417 0.370244 0.370244 0.370244
3800.997559 0.000000 1281.349976 0.000000 0.343640 0.000000 0.939101 0.373806 0.373806 0.373806
3789.946777 0.000000 1281.255493 0.000000 0.994913 0.000000 0.100738 0.396574 0.396574 0.396574
3775.610596 0.000000 1298.264893 0.000000 0.225479 0.000000 -0.974248 0.451648 0.451648 0.451648
3794.279785 0.000000 1285.730469 0.000000 0.947116 0.000000 0.320891 0.389561 0.389561 0.389561
3779.772705 0.000000 1295.581421 0.000000 0.370630 0.000000 -0.928780 0.498131 0.498131 0.498131
3778.148438 0.000000 1302.988281 0.000000 0.761186 0.000000 0.648534 0.338693 0.338693 0.338693
3778.312012 0.000000 1297.825073 0.000000 0.580389 0.000000 0.814339 0.334906 0.334906 0.334906
3775.647705 0.000000 1323.681274 0.000000 0.696549 0.000000 0.717509 0.350455 0.350455 0.350455
3759.400146 0.000000 1352.546143 0.000000 0.160051 0.000000 -0.987109 0.558412 0.558412 0.558412
3758.119873 0.000000 1361.002686 0.000000 0.140375 0.000000 -0.990098 0.415708 0.415708 0.415708
3757.151611 0.000000 1351.092529 0.000000 0.987713 0.000000 -0.156278 0.406895 0.406895 0.406895
"}
