object={
	name="tree_leaf_high_generator_3_0"
	render_pass=Map
	clamp_to_water_level=no
	generated_content=yes
	layer="tree_high_layer"
	pdxmesh="tree_leaf_01_c_mesh"
	count=924
	transform="3769.957764 0.000000 845.322388 0.000000 0.638948 0.000000 0.769250 0.760560 0.760560 0.760560
3766.918701 0.000000 852.323181 0.000000 0.932784 0.000000 -0.360435 0.820547 0.820547 0.820547
3771.211426 0.000000 838.174377 0.000000 0.683999 0.000000 -0.729483 0.838209 0.838209 0.838209
3772.976807 0.000000 852.620483 0.000000 0.994121 0.000000 0.108279 0.794085 0.794085 0.794085
3758.119873 0.000000 849.127686 0.000000 0.621683 0.000000 -0.783269 0.822107 0.822107 0.822107
3765.659668 0.000000 847.577942 0.000000 0.227585 0.000000 0.973758 0.684280 0.684280 0.684280
3773.561279 0.000000 842.064697 0.000000 0.993522 0.000000 -0.113640 0.810236 0.810236 0.810236
3773.328369 0.000000 848.262878 0.000000 0.092922 0.000000 0.995673 0.667187 0.667187 0.667187
3766.243164 0.000000 843.060730 0.000000 0.435712 0.000000 -0.900086 0.851000 0.851000 0.851000
3762.601074 0.000000 850.526489 0.000000 0.828210 0.000000 0.560418 0.783247 0.783247 0.783247
3769.649902 0.000000 849.588501 0.000000 0.387302 0.000000 -0.921953 0.885752 0.885752 0.885752
3769.904785 0.000000 854.737610 0.000000 0.418315 0.000000 -0.908302 0.882592 0.882592 0.882592
3768.054199 0.000000 839.990173 0.000000 0.999206 0.000000 -0.039852 0.801457 0.801457 0.801457
3774.403809 0.000000 845.187622 0.000000 0.879909 0.000000 -0.475142 0.826997 0.826997 0.826997
3770.527344 0.000000 842.350037 0.000000 0.994299 0.000000 -0.106632 0.808578 0.808578 0.808578
3764.151855 0.000000 845.076294 0.000000 0.170176 0.000000 -0.985414 0.912388 0.912388 0.912388
3777.041504 0.000000 847.653320 0.000000 0.457309 0.000000 -0.889308 0.849244 0.849244 0.849244
3775.660156 0.000000 844.284485 0.000000 0.975884 0.000000 -0.218290 0.811999 0.811999 0.811999
3778.884521 0.000000 844.859680 0.000000 0.170650 0.000000 0.985332 0.741310 0.741310 0.741310
3592.364014 0.000000 980.093750 0.000000 0.352934 0.000000 0.935648 0.731845 0.731845 0.731845
3595.420410 0.000000 975.194214 0.000000 0.861548 0.000000 0.507677 0.718642 0.718642 0.718642
3598.718506 0.000000 974.394958 0.000000 0.654665 0.000000 0.755919 0.749675 0.749675 0.749675
3592.703613 0.000000 972.857605 0.000000 0.030610 0.000000 0.999531 0.674495 0.674495 0.674495
3586.171875 0.000000 983.066406 0.000000 0.938393 0.000000 -0.345570 0.830867 0.830867 0.830867
3827.236084 0.000000 996.600037 0.000000 0.005991 0.000000 0.999982 0.773748 0.773748 0.773748
3835.996826 0.000000 1003.575073 0.000000 0.995846 0.000000 0.091058 0.795411 0.795411 0.795411
3821.428467 0.000000 1003.066223 0.000000 0.804674 0.000000 0.593717 0.773720 0.773720 0.773720
3821.677002 0.000000 990.052002 0.000000 0.098310 0.000000 -0.995156 0.839698 0.839698 0.839698
3836.809326 0.000000 995.917542 0.000000 0.192937 0.000000 0.981211 0.738137 0.738137 0.738137
3832.233398 0.000000 999.361877 0.000000 0.154170 0.000000 -0.988044 0.863632 0.863632 0.863632
3818.147949 0.000000 1007.600403 0.000000 0.858433 0.000000 0.512926 0.789351 0.789351 0.789351
3833.842773 0.000000 991.754700 0.000000 0.843655 0.000000 0.536886 0.735481 0.735481 0.735481
3827.409912 0.000000 1001.472107 0.000000 0.857089 0.000000 -0.515168 0.845074 0.845074 0.845074
3825.440430 0.000000 992.451538 0.000000 0.766202 0.000000 0.642599 0.764457 0.764457 0.764457
3837.849609 0.000000 999.910828 0.000000 0.988560 0.000000 0.150825 0.794829 0.794829 0.794829
3831.827393 0.000000 1003.523743 0.000000 0.945560 0.000000 0.325447 0.763057 0.763057 0.763057
3829.173828 0.000000 999.018250 0.000000 0.999710 0.000000 0.024099 0.798296 0.798296 0.798296
3831.064697 0.000000 992.171082 0.000000 0.747165 0.000000 0.664638 0.756440 0.756440 0.756440
3841.507324 0.000000 1002.776978 0.000000 0.962837 0.000000 -0.270085 0.803605 0.803605 0.803605
3879.853027 0.000000 1021.706238 0.000000 0.486293 0.000000 -0.873796 0.829297 0.829297 0.829297
3847.698486 0.000000 989.090027 0.000000 0.468225 0.000000 0.883609 0.708461 0.708461 0.708461
3900.082520 0.000000 1020.486328 0.000000 0.840130 0.000000 0.542386 0.791069 0.791069 0.791069
3840.245361 0.000000 993.931274 0.000000 0.970883 0.000000 0.239553 0.786375 0.786375 0.786375
3873.782471 0.000000 1020.918640 0.000000 0.469405 0.000000 -0.882983 0.835663 0.835663 0.835663
3842.293945 0.000000 989.307800 0.000000 0.206696 0.000000 -0.978405 0.907769 0.907769 0.907769
3847.697998 0.000000 993.948975 0.000000 0.738199 0.000000 0.674583 0.733456 0.733456 0.733456
3839.565430 0.000000 998.566833 0.000000 0.787205 0.000000 -0.616692 0.844197 0.844197 0.844197
3843.948242 0.000000 992.782715 0.000000 0.981043 0.000000 -0.193791 0.808764 0.808764 0.808764
3871.734863 0.000000 1023.514893 0.000000 0.999594 0.000000 0.028506 0.798599 0.798599 0.798599
3842.495850 0.000000 986.183655 0.000000 0.743876 0.000000 0.668318 0.764915 0.764915 0.764915
3839.606201 0.000000 990.841064 0.000000 0.057114 0.000000 0.998368 0.731980 0.731980 0.731980
3841.993652 0.000000 996.462524 0.000000 0.791130 0.000000 -0.611649 0.859151 0.859151 0.859151
3902.485840 0.000000 1022.420593 0.000000 0.984039 0.000000 0.177951 0.785529 0.785529 0.785529
3844.977539 0.000000 987.870544 0.000000 0.729515 0.000000 -0.683964 0.838359 0.838359 0.838359
3845.460693 0.000000 990.502808 0.000000 0.319132 0.000000 -0.947710 0.911984 0.911984 0.911984
3943.845215 0.000000 1021.706238 0.000000 0.982706 0.000000 0.185175 0.771543 0.771543 0.771543
3927.194580 0.000000 1010.181213 0.000000 0.050773 0.000000 0.998710 0.567761 0.567761 0.567761
3903.625732 0.000000 1020.837219 0.000000 0.860335 0.000000 -0.509729 0.830445 0.830445 0.830445
3921.604980 0.000000 1012.209839 0.000000 0.100122 0.000000 0.994975 0.622902 0.622902 0.622902
3929.228027 0.000000 1015.557495 0.000000 0.876036 0.000000 0.482245 0.726431 0.726431 0.726431
3941.507568 0.000000 1017.190491 0.000000 0.518107 0.000000 -0.855316 0.823364 0.823364 0.823364
3948.064697 0.000000 1022.530945 0.000000 0.466962 0.000000 0.884278 0.702490 0.702490 0.702490
3907.008789 0.000000 1021.067261 0.000000 0.999471 0.000000 -0.032532 0.801462 0.801462 0.801462
3591.729736 0.000000 1053.074463 0.000000 0.172605 0.000000 0.984991 0.762324 0.762324 0.762324
3626.547852 0.000000 1031.696655 0.000000 0.814761 0.000000 0.579797 0.744414 0.744414 0.744414
3617.351807 0.000000 1044.661987 0.000000 0.995297 0.000000 -0.096867 0.814823 0.814823 0.814823
3608.577881 0.000000 1046.082153 0.000000 0.573961 0.000000 0.818882 0.653405 0.653405 0.653405
3625.104248 0.000000 1040.162109 0.000000 0.143626 0.000000 -0.989632 0.901724 0.901724 0.901724
3619.085449 0.000000 1034.894897 0.000000 0.528678 0.000000 0.848823 0.692488 0.692488 0.692488
3612.335205 0.000000 1039.060791 0.000000 0.215915 0.000000 -0.976412 0.868916 0.868916 0.868916
3624.997559 0.000000 1025.821167 0.000000 0.932062 0.000000 -0.362299 0.821547 0.821547 0.821547
3620.989746 0.000000 1029.494141 0.000000 0.393885 0.000000 -0.919160 0.868463 0.868463 0.868463
3603.438477 0.000000 1045.228882 0.000000 0.417860 0.000000 -0.908512 0.879897 0.879897 0.879897
3619.851562 0.000000 1040.300049 0.000000 0.237093 0.000000 0.971487 0.673955 0.673955 0.673955
3609.751953 0.000000 1051.589355 0.000000 0.991416 0.000000 -0.130743 0.804321 0.804321 0.804321
3623.797607 0.000000 1035.785034 0.000000 0.629785 0.000000 -0.776769 0.873551 0.873551 0.873551
3596.168701 0.000000 1053.383789 0.000000 0.476057 0.000000 -0.879414 0.895939 0.895939 0.895939
3629.086426 0.000000 1028.676025 0.000000 0.998697 0.000000 0.051039 0.796971 0.796971 0.796971
3600.171143 0.000000 1046.770142 0.000000 0.385991 0.000000 -0.922503 0.934414 0.934414 0.934414
3622.436768 0.000000 1032.610229 0.000000 0.910434 0.000000 -0.413654 0.840629 0.840629 0.840629
3624.231201 0.000000 1029.039429 0.000000 0.185057 0.000000 -0.982728 0.952656 0.952656 0.952656
3621.152100 0.000000 1037.482300 0.000000 0.198888 0.000000 -0.980022 0.924002 0.924002 0.924002
3591.564941 0.000000 1049.871704 0.000000 0.191775 0.000000 0.981439 0.738083 0.738083 0.738083
3594.780029 0.000000 1046.007446 0.000000 0.735668 0.000000 0.677343 0.750508 0.750508 0.750508
3626.156982 0.000000 1034.408813 0.000000 0.054273 0.000000 0.998526 0.699141 0.699141 0.699141
3695.833008 0.000000 1109.677734 0.000000 0.063255 0.000000 -0.997997 0.968908 0.968908 0.968908
3670.528320 0.000000 1119.166260 0.000000 0.068121 0.000000 0.997677 0.745080 0.745080 0.745080
3681.343994 0.000000 1108.646362 0.000000 0.964257 0.000000 -0.264970 0.827959 0.827959 0.827959
3705.965576 0.000000 1101.259888 0.000000 0.979486 0.000000 0.201513 0.796353 0.796353 0.796353
3684.902832 0.000000 1120.864746 0.000000 0.644694 0.000000 -0.764441 0.812513 0.812513 0.812513
3672.570068 0.000000 1110.066528 0.000000 0.896825 0.000000 -0.442386 0.818671 0.818671 0.818671
3697.313721 0.000000 1101.216064 0.000000 0.374063 0.000000 -0.927403 0.880395 0.880395 0.880395
3693.692627 0.000000 1118.020752 0.000000 0.076869 0.000000 0.997041 0.687221 0.687221 0.687221
3663.760742 0.000000 1114.322021 0.000000 0.142834 0.000000 -0.989747 0.816251 0.816251 0.816251
3678.488525 0.000000 1115.993774 0.000000 0.346285 0.000000 -0.938129 0.840841 0.840841 0.840841
3687.482666 0.000000 1113.318115 0.000000 0.371039 0.000000 0.928617 0.653037 0.653037 0.653037
3702.926514 0.000000 1108.260620 0.000000 0.656111 0.000000 0.754664 0.765158 0.765158 0.765158
3667.430664 0.000000 1109.213257 0.000000 0.999823 0.000000 0.018835 0.799345 0.799345 0.799345
3694.127686 0.000000 1105.065186 0.000000 0.808429 0.000000 0.588593 0.752866 0.752866 0.752866
3682.649658 0.000000 1113.343628 0.000000 0.490581 0.000000 -0.871396 0.925522 0.925522 0.925522
3701.667480 0.000000 1103.515381 0.000000 0.555648 0.000000 -0.831418 0.882345 0.882345 0.882345
3677.124756 0.000000 1111.367554 0.000000 0.998539 0.000000 -0.054036 0.803725 0.803725 0.803725
3688.713623 0.000000 1117.889038 0.000000 0.473620 0.000000 -0.880729 0.861973 0.861973 0.861973
3686.041260 0.000000 1108.407959 0.000000 0.522837 0.000000 0.852433 0.697875 0.697875 0.697875
3692.975586 0.000000 1113.604614 0.000000 0.342705 0.000000 0.939443 0.759031 0.759031 0.759031
3697.456055 0.000000 1120.420288 0.000000 0.513906 0.000000 -0.857846 0.843863 0.843863 0.843863
3680.641113 0.000000 1119.993774 0.000000 0.845785 0.000000 -0.533523 0.825289 0.825289 0.825289
3698.608887 0.000000 1106.463989 0.000000 0.241862 0.000000 -0.970311 0.885045 0.885045 0.885045
3684.841797 0.000000 1116.774292 0.000000 0.985976 0.000000 0.166890 0.792967 0.792967 0.792967
3697.254395 0.000000 1116.118042 0.000000 0.338068 0.000000 0.941122 0.755193 0.755193 0.755193
3705.657715 0.000000 1105.526001 0.000000 0.715490 0.000000 -0.698623 0.850979 0.850979 0.850979
3664.163330 0.000000 1110.754517 0.000000 0.012137 0.000000 -0.999926 0.863505 0.863505 0.863505
3699.768066 0.000000 1109.463623 0.000000 0.001497 0.000000 -0.999999 0.970191 0.970191 0.970191
3681.563232 0.000000 1116.901489 0.000000 0.263083 0.000000 -0.964773 0.876603 0.876603 0.876603
3691.264160 0.000000 1106.411255 0.000000 0.450308 0.000000 0.892873 0.692870 0.692870 0.692870
3690.132080 0.000000 1115.170654 0.000000 0.994859 0.000000 0.101268 0.794590 0.794590 0.794590
3672.074219 0.000000 1113.048462 0.000000 0.942724 0.000000 0.333575 0.771472 0.771472 0.771472
3670.869385 0.000000 1116.269165 0.000000 0.731235 0.000000 0.682126 0.728036 0.728036 0.728036
3677.947510 0.000000 1119.054810 0.000000 0.909489 0.000000 -0.415728 0.838534 0.838534 0.838534
3697.161133 0.000000 1104.031860 0.000000 0.336628 0.000000 0.941638 0.713951 0.713951 0.713951
3694.644043 0.000000 1102.369141 0.000000 0.662266 0.000000 0.749269 0.739611 0.739611 0.739611
3674.505615 0.000000 1111.981201 0.000000 0.699858 0.000000 0.714282 0.736599 0.736599 0.736599
3759.825195 0.000000 1045.693359 0.000000 0.793715 0.000000 -0.608289 0.807836 0.807836 0.807836
3748.751953 0.000000 1069.667603 0.000000 0.184466 0.000000 -0.982839 0.864741 0.864741 0.864741
3751.868652 0.000000 1085.690674 0.000000 0.162431 0.000000 0.986720 0.712284 0.712284 0.712284
3761.908936 0.000000 1084.142456 0.000000 0.528064 0.000000 -0.849205 0.860785 0.860785 0.860785
3757.436279 0.000000 1067.050537 0.000000 0.784165 0.000000 -0.620552 0.826072 0.826072 0.826072
3757.684814 0.000000 1054.036377 0.000000 0.993144 0.000000 -0.116899 0.808986 0.808986 0.808986
3751.394287 0.000000 1063.189087 0.000000 0.008730 0.000000 -0.999962 0.931032 0.931032 0.931032
3750.499023 0.000000 1076.138550 0.000000 0.147977 0.000000 -0.988991 0.857949 0.857949 0.857949
3756.762695 0.000000 1060.139526 0.000000 0.109478 0.000000 -0.993989 0.883168 0.883168 0.883168
3756.493652 0.000000 1081.971680 0.000000 0.234692 0.000000 -0.972070 0.959047 0.959047 0.959047
3745.798096 0.000000 1084.903076 0.000000 0.913422 0.000000 -0.407013 0.824363 0.824363 0.824363
3754.155762 0.000000 1071.584839 0.000000 0.402466 0.000000 0.915435 0.697437 0.697437 0.697437
3763.998535 0.000000 1048.852539 0.000000 0.507496 0.000000 -0.861654 0.839824 0.839824 0.839824
3749.531006 0.000000 1081.174805 0.000000 0.958006 0.000000 -0.286747 0.826138 0.826138 0.826138
3752.705811 0.000000 1053.904663 0.000000 0.972222 0.000000 -0.234062 0.818544 0.818544 0.818544
3745.980225 0.000000 1075.744873 0.000000 0.164793 0.000000 -0.986328 0.841257 0.841257 0.841257
3756.967773 0.000000 1049.620239 0.000000 0.245076 0.000000 0.969504 0.681077 0.681077 0.681077
3761.448242 0.000000 1056.435913 0.000000 0.256093 0.000000 0.966652 0.682099 0.682099 0.682099
3752.906006 0.000000 1067.273682 0.000000 0.991776 0.000000 -0.127987 0.809151 0.809151 0.809151
3740.215332 0.000000 1076.159668 0.000000 0.979420 0.000000 0.201831 0.775159 0.775159 0.775159
3752.960938 0.000000 1058.182983 0.000000 0.994647 0.000000 0.103333 0.787533 0.787533 0.787533
3756.088135 0.000000 1086.515381 0.000000 0.904799 0.000000 0.425840 0.761255 0.761255 0.761255
3761.246582 0.000000 1052.133667 0.000000 0.690409 0.000000 0.723420 0.715199 0.715199 0.715199
3755.348877 0.000000 1063.828613 0.000000 0.955124 0.000000 0.296207 0.773874 0.773874 0.773874
3748.829346 0.000000 1066.029297 0.000000 0.850735 0.000000 -0.525594 0.825532 0.825532 0.825532
3759.178711 0.000000 1079.286377 0.000000 0.955747 0.000000 0.294189 0.787297 0.787297 0.787297
3746.454590 0.000000 1079.446899 0.000000 0.782081 0.000000 0.623177 0.751625 0.751625 0.751625
3753.904297 0.000000 1075.274658 0.000000 0.389255 0.000000 0.921130 0.701072 0.701072 0.701072
3760.068359 0.000000 1059.590210 0.000000 0.198491 0.000000 0.980103 0.738391 0.738391 0.738391
3759.255371 0.000000 1085.951172 0.000000 0.024037 0.000000 -0.999711 0.951064 0.951064 0.951064
3752.789062 0.000000 1082.682373 0.000000 0.481031 0.000000 0.876703 0.699443 0.699443 0.699443
3760.087402 0.000000 1048.906494 0.000000 0.996232 0.000000 0.086727 0.791831 0.791831 0.791831
3748.880859 0.000000 1085.179688 0.000000 0.895935 0.000000 -0.444185 0.833921 0.833921 0.833921
3754.124268 0.000000 1051.186279 0.000000 0.971321 0.000000 -0.237773 0.821577 0.821577 0.821577
3744.686768 0.000000 1082.155884 0.000000 0.957898 0.000000 0.287110 0.773827 0.773827 0.773827
3759.426758 0.000000 1082.375366 0.000000 0.980723 0.000000 0.195403 0.779850 0.779850 0.779850
3750.977539 0.000000 1060.306885 0.000000 0.813393 0.000000 -0.581715 0.837199 0.837199 0.837199
3756.174072 0.000000 1079.018188 0.000000 0.089043 0.000000 -0.996028 0.893214 0.893214 0.893214
3754.453857 0.000000 1048.366943 0.000000 0.470740 0.000000 0.882272 0.702874 0.702874 0.702874
3748.985352 0.000000 1078.528442 0.000000 0.721129 0.000000 -0.692801 0.855947 0.855947 0.855947
3739.821777 0.000000 1078.770142 0.000000 0.997945 0.000000 0.064070 0.795083 0.795083 0.795083
3754.858154 0.000000 1084.237549 0.000000 0.966823 0.000000 -0.255448 0.822133 0.822133 0.822133
3763.747559 0.000000 1051.447388 0.000000 0.680417 0.000000 0.732825 0.736429 0.736429 0.736429
3756.905029 0.000000 1047.020020 0.000000 0.985469 0.000000 0.169858 0.787932 0.787932 0.787932
3758.644043 0.000000 1051.572510 0.000000 0.856546 0.000000 -0.516072 0.839963 0.839963 0.839963
3834.808838 0.000000 1050.343018 0.000000 0.865471 0.000000 -0.500960 0.805973 0.805973 0.805973
3825.901123 0.000000 1084.142456 0.000000 0.842598 0.000000 -0.538543 0.857928 0.857928 0.857928
3836.809326 0.000000 1059.901855 0.000000 0.085682 0.000000 -0.996323 0.827583 0.827583 0.827583
3828.212646 0.000000 1070.069336 0.000000 0.130120 0.000000 0.991498 0.774110 0.774110 0.774110
3836.968994 0.000000 1044.573608 0.000000 0.390591 0.000000 0.920564 0.621310 0.621310 0.621310
3826.714844 0.000000 1078.315552 0.000000 0.629171 0.000000 -0.777267 0.880017 0.880017 0.880017
3839.128418 0.000000 1070.600464 0.000000 0.697409 0.000000 -0.716673 0.875643 0.875643 0.875643
3828.048340 0.000000 1074.295654 0.000000 0.124424 0.000000 0.992229 0.624981 0.624981 0.624981
3837.849609 0.000000 1063.895142 0.000000 0.703442 0.000000 -0.710752 0.846895 0.846895 0.846895
3833.896973 0.000000 1046.690674 0.000000 0.969990 0.000000 0.243144 0.790876 0.790876 0.790876
3838.198242 0.000000 1048.065796 0.000000 0.890462 0.000000 -0.455058 0.842461 0.842461 0.842461
3826.392334 0.000000 1087.725098 0.000000 0.977292 0.000000 0.211899 0.791301 0.791301 0.791301
3823.247559 0.000000 1085.951172 0.000000 0.858526 0.000000 -0.512770 0.849035 0.849035 0.849035
3829.909180 0.000000 1078.525024 0.000000 0.893319 0.000000 -0.449423 0.837424 0.837424 0.837424
3827.906494 0.000000 1081.565796 0.000000 0.877036 0.000000 -0.480426 0.840236 0.840236 0.840236
3836.430908 0.000000 1072.073608 0.000000 0.727882 0.000000 -0.685703 0.844819 0.844819 0.844819
3823.418945 0.000000 1082.375366 0.000000 0.458268 0.000000 -0.888814 0.897080 0.897080 0.897080
3839.158936 0.000000 1067.459717 0.000000 0.540443 0.000000 0.841381 0.732305 0.732305 0.732305
3759.097168 0.000000 1089.162476 0.000000 0.995265 0.000000 -0.097200 0.802625 0.802625 0.802625
3755.863037 0.000000 1087.887329 0.000000 0.814426 0.000000 -0.580267 0.855638 0.855638 0.855638
3830.592529 0.000000 1088.486572 0.000000 0.850534 0.000000 -0.525921 0.864373 0.864373 0.864373
3823.089355 0.000000 1089.162476 0.000000 0.606231 0.000000 0.795289 0.766944 0.766944 0.766944
3828.423340 0.000000 1095.037598 0.000000 0.588361 0.000000 -0.808598 0.943891 0.943891 0.943891
3826.548096 0.000000 1097.906372 0.000000 0.898606 0.000000 -0.438756 0.843544 0.843544 0.843544
3827.479980 0.000000 1088.171143 0.000000 0.089849 0.000000 0.995955 0.648277 0.648277 0.648277
3812.744141 0.000000 1197.636353 0.000000 0.214224 0.000000 -0.976785 0.838967 0.838967 0.838967
3809.328369 0.000000 1172.630737 0.000000 0.925910 0.000000 -0.377745 0.815086 0.815086 0.815086
3834.808838 0.000000 1178.311768 0.000000 0.837521 0.000000 0.546405 0.748739 0.748739 0.748739
3806.854004 0.000000 1207.652588 0.000000 0.501796 0.000000 -0.864986 0.809393 0.809393 0.809393
3836.090332 0.000000 1212.439453 0.000000 0.741741 0.000000 0.670686 0.740977 0.740977 0.740977
3835.996826 0.000000 1195.528198 0.000000 0.826811 0.000000 0.562479 0.769576 0.769576 0.769576
3825.901123 0.000000 1212.111206 0.000000 0.521691 0.000000 0.853135 0.709987 0.709987 0.709987
3825.298096 0.000000 1165.200439 0.000000 0.763081 0.000000 -0.646302 0.886316 0.886316 0.886316
3817.080811 0.000000 1168.130859 0.000000 0.120460 0.000000 -0.992718 0.978109 0.978109 0.978109
3815.467041 0.000000 1177.302490 0.000000 0.966924 0.000000 -0.255063 0.804636 0.804636 0.804636
3836.809326 0.000000 1187.870605 0.000000 0.930845 0.000000 0.365414 0.759207 0.759207 0.759207
3828.212646 0.000000 1198.038086 0.000000 0.472184 0.000000 -0.881500 0.899565 0.899565 0.899565
3830.910889 0.000000 1172.244995 0.000000 0.228674 0.000000 0.973503 0.595251 0.595251 0.595251
3829.058594 0.000000 1181.941650 0.000000 0.296495 0.000000 -0.955034 0.850975 0.850975 0.850975
3836.968994 0.000000 1172.542358 0.000000 0.856576 0.000000 -0.516021 0.862050 0.862050 0.862050
3826.714844 0.000000 1206.284302 0.000000 0.167549 0.000000 -0.985864 1.009237 1.009237 1.009237
3809.206787 0.000000 1192.587280 0.000000 0.066278 0.000000 -0.997801 0.881129 0.881129 0.881129
3837.706543 0.000000 1202.804932 0.000000 0.232176 0.000000 -0.972674 1.000196 1.000196 1.000196
3832.233398 0.000000 1191.314941 0.000000 0.191757 0.000000 0.981443 0.687723 0.687723 0.687723
3820.485840 0.000000 1209.940430 0.000000 0.673525 0.000000 -0.739164 0.814454 0.814454 0.814454
3827.990723 0.000000 1176.821289 0.000000 0.783187 0.000000 -0.621786 0.824928 0.824928 0.824928
3818.746582 0.000000 1173.498413 0.000000 0.516333 0.000000 0.856388 0.764267 0.764267 0.764267
3833.842773 0.000000 1183.707764 0.000000 0.804125 0.000000 0.594460 0.733631 0.733631 0.733631
3838.897949 0.000000 1207.788574 0.000000 0.467210 0.000000 0.884146 0.707064 0.707064 0.707064
3811.828125 0.000000 1168.268799 0.000000 0.724666 0.000000 -0.689100 0.834619 0.834619 0.834619
3822.112061 0.000000 1169.049561 0.000000 0.357770 0.000000 0.933810 0.680878 0.680878 0.680878
3820.172852 0.000000 1164.377319 0.000000 0.838088 0.000000 -0.545535 0.850824 0.850824 0.850824
3833.208740 0.000000 1199.413696 0.000000 0.483716 0.000000 0.875225 0.670991 0.670991 0.670991
3814.025635 0.000000 1172.392334 0.000000 0.998359 0.000000 -0.057265 0.804909 0.804909 0.804909
3809.972412 0.000000 1203.713623 0.000000 0.804373 0.000000 -0.594125 0.836593 0.836593 0.836593
3820.959961 0.000000 1177.588989 0.000000 0.992015 0.000000 -0.126118 0.811365 0.811365 0.811365
3839.128418 0.000000 1198.569214 0.000000 0.729858 0.000000 0.683599 0.743627 0.743627 0.743627
3837.320557 0.000000 1168.184814 0.000000 0.370675 0.000000 0.928763 0.755040 0.755040 0.755040
3837.554932 0.000000 1181.620117 0.000000 0.588863 0.000000 0.808233 0.702444 0.702444 0.702444
3826.593262 0.000000 1170.448364 0.000000 0.192320 0.000000 -0.981332 0.901502 0.901502 0.901502
3834.723633 0.000000 1207.280029 0.000000 0.587774 0.000000 -0.809025 0.889225 0.889225 0.889225
3831.316895 0.000000 1187.010132 0.000000 0.345528 0.000000 -0.938408 0.902900 0.902900 0.902900
3828.048340 0.000000 1202.264404 0.000000 0.578056 0.000000 -0.815997 0.853757 0.853757 0.853757
3837.849609 0.000000 1191.863892 0.000000 0.930533 0.000000 0.366208 0.771919 0.771919 0.771919
3820.080322 0.000000 1214.484131 0.000000 0.543712 0.000000 -0.839272 0.927702 0.927702 0.927702
3825.238770 0.000000 1180.102417 0.000000 0.421486 0.000000 0.906835 0.731271 0.731271 0.731271
3829.528320 0.000000 1213.784912 0.000000 0.119638 0.000000 0.992818 0.684380 0.684380 0.684380
3833.642090 0.000000 1169.510376 0.000000 0.500956 0.000000 0.865473 0.754244 0.754244 0.754244
3831.157227 0.000000 1178.877441 0.000000 0.218435 0.000000 0.975851 0.660812 0.660812 0.660812
3838.198242 0.000000 1176.034546 0.000000 0.099532 0.000000 -0.995034 0.966592 0.966592 0.966592
3812.821533 0.000000 1193.998047 0.000000 0.653629 0.000000 -0.756815 0.835490 0.835490 0.835490
3823.170898 0.000000 1207.255127 0.000000 0.996993 0.000000 -0.077491 0.806181 0.806181 0.806181
3809.284180 0.000000 1198.671753 0.000000 0.759902 0.000000 0.650038 0.749969 0.749969 0.749969
3810.446777 0.000000 1207.415649 0.000000 0.939164 0.000000 -0.343468 0.822268 0.822268 0.822268
3826.392334 0.000000 1215.693848 0.000000 0.049958 0.000000 0.998751 0.635067 0.635067 0.635067
3833.059082 0.000000 1214.053223 0.000000 0.681308 0.000000 -0.731997 0.845270 0.845270 0.845270
3824.814453 0.000000 1203.275391 0.000000 0.331453 0.000000 -0.943472 0.887911 0.887911 0.887911
3828.455566 0.000000 1185.531738 0.000000 0.913958 0.000000 0.405810 0.781973 0.781973 0.781973
3824.079590 0.000000 1176.875244 0.000000 0.375462 0.000000 0.926838 0.731786 0.731786 0.731786
3829.909180 0.000000 1206.493774 0.000000 0.965697 0.000000 -0.259670 0.829117 0.829117 0.829117
3827.906494 0.000000 1209.534546 0.000000 0.658353 0.000000 0.752709 0.718815 0.718815 0.718815
3811.691162 0.000000 1200.692993 0.000000 0.549875 0.000000 -0.835247 0.888850 0.888850 0.888850
3810.290771 0.000000 1195.747559 0.000000 0.996467 0.000000 0.083979 0.792796 0.792796 0.792796
3838.493652 0.000000 1214.373779 0.000000 0.095228 0.000000 0.995456 0.696568 0.696568 0.696568
3836.430908 0.000000 1200.042358 0.000000 0.537202 0.000000 0.843454 0.687543 0.687543 0.687543
3834.979980 0.000000 1190.339478 0.000000 0.866912 0.000000 -0.498461 0.834080 0.834080 0.834080
3834.093750 0.000000 1210.146851 0.000000 0.750612 0.000000 0.660743 0.742479 0.742479 0.742479
3828.144043 0.000000 1164.998169 0.000000 0.281998 0.000000 -0.959415 0.922412 0.922412 0.922412
3816.015137 0.000000 1174.400269 0.000000 0.482487 0.000000 -0.875903 0.885693 0.885693 0.885693
3818.446045 0.000000 1176.335693 0.000000 0.195004 0.000000 -0.980802 0.900477 0.900477 0.900477
3834.160889 0.000000 1186.912354 0.000000 0.882101 0.000000 0.471060 0.753565 0.753565 0.753565
3833.955322 0.000000 1193.604736 0.000000 0.999872 0.000000 0.016014 0.798637 0.798637 0.798637
3830.129883 0.000000 1193.478638 0.000000 0.025624 0.000000 0.999672 0.681495 0.681495 0.681495
3827.739746 0.000000 1179.416138 0.000000 0.954586 0.000000 0.297936 0.777704 0.777704 0.777704
3820.897217 0.000000 1174.988770 0.000000 0.997304 0.000000 -0.073383 0.806161 0.806161 0.806161
3822.636230 0.000000 1179.541260 0.000000 0.476873 0.000000 0.878972 0.714437 0.714437 0.714437
3838.030762 0.000000 1178.775024 0.000000 0.399197 0.000000 0.916865 0.709633 0.709633 0.709633
3796.505371 0.000000 1274.749390 0.000000 0.450238 0.000000 -0.892908 0.887959 0.887959 0.887959
3830.592529 0.000000 1216.455322 0.000000 0.598033 0.000000 -0.801471 0.920329 0.920329 0.920329
3833.949951 0.000000 1229.228638 0.000000 0.095417 0.000000 0.995437 0.725751 0.725751 0.725751
3834.808838 0.000000 1242.296143 0.000000 0.487984 0.000000 0.872853 0.695104 0.695104 0.695104
3806.854004 0.000000 1271.636963 0.000000 0.977849 0.000000 0.209312 0.767781 0.767781 0.767781
3821.182617 0.000000 1268.158447 0.000000 0.578975 0.000000 0.815345 0.776009 0.776009 0.776009
3835.996826 0.000000 1259.512573 0.000000 1.000000 0.000000 0.000831 0.799972 0.799972 0.799972
3825.298096 0.000000 1229.184814 0.000000 0.595619 0.000000 0.803267 0.786028 0.786028 0.786028
3836.809326 0.000000 1251.854980 0.000000 0.969203 0.000000 0.246264 0.768692 0.768692 0.768692
3823.089355 0.000000 1217.131226 0.000000 0.997683 0.000000 0.068034 0.789638 0.789638 0.789638
3828.212646 0.000000 1262.022461 0.000000 0.645217 0.000000 -0.764000 0.863038 0.863038 0.863038
3830.910889 0.000000 1236.229370 0.000000 0.729367 0.000000 -0.684122 0.852816 0.852816 0.852816
3804.043457 0.000000 1278.676392 0.000000 0.871719 0.000000 0.490006 0.785272 0.785272 0.785272
3835.203613 0.000000 1222.080688 0.000000 0.953350 0.000000 0.301868 0.777584 0.777584 0.777584
3829.058594 0.000000 1245.926025 0.000000 0.244285 0.000000 -0.969703 0.849185 0.849185 0.849185
3814.491211 0.000000 1268.091675 0.000000 0.473162 0.000000 -0.880975 0.964694 0.964694 0.964694
3836.968994 0.000000 1236.526733 0.000000 0.990005 0.000000 -0.141035 0.812040 0.812040 0.812040
3832.233398 0.000000 1255.299316 0.000000 0.994952 0.000000 0.100356 0.789038 0.789038 0.789038
3809.790283 0.000000 1276.856201 0.000000 0.872736 0.000000 -0.488192 0.811001 0.811001 0.811001
3837.186523 0.000000 1216.509644 0.000000 0.152470 0.000000 0.988308 0.630957 0.630957 0.630957
3818.147949 0.000000 1263.537964 0.000000 0.316691 0.000000 -0.948529 0.902490 0.902490 0.902490
3827.990723 0.000000 1240.805664 0.000000 0.753816 0.000000 -0.657086 0.821049 0.821049 0.821049
3833.842773 0.000000 1247.692139 0.000000 0.788142 0.000000 0.615493 0.705055 0.705055 0.705055
3822.112061 0.000000 1233.033936 0.000000 0.970794 0.000000 0.239915 0.778515 0.778515 0.778515
3827.409912 0.000000 1257.409546 0.000000 0.828886 0.000000 0.559418 0.764784 0.764784 0.764784
3809.972412 0.000000 1267.697998 0.000000 0.253593 0.000000 -0.967311 0.842528 0.842528 0.842528
3837.553467 0.000000 1225.970947 0.000000 0.983325 0.000000 -0.181855 0.808218 0.808218 0.808218
3837.320557 0.000000 1232.169189 0.000000 0.074071 0.000000 -0.997253 0.841251 0.841251 0.841251
3837.554932 0.000000 1245.604492 0.000000 0.414419 0.000000 0.910086 0.680099 0.680099 0.680099
3831.316895 0.000000 1250.994507 0.000000 0.674508 0.000000 0.738267 0.694507 0.694507 0.694507
3837.849609 0.000000 1255.848267 0.000000 0.934386 0.000000 0.356263 0.770317 0.770317 0.770317
3821.062988 0.000000 1220.629150 0.000000 0.811318 0.000000 -0.584604 0.841527 0.841527 0.841527
3833.642090 0.000000 1233.494751 0.000000 0.791520 0.000000 -0.611144 0.851215 0.851215 0.851215
3831.444092 0.000000 1220.257446 0.000000 0.686949 0.000000 0.726706 0.770266 0.770266 0.770266
3804.249512 0.000000 1274.400024 0.000000 0.291723 0.000000 0.956503 0.639601 0.639601 0.639601
3833.896973 0.000000 1238.643799 0.000000 0.446605 0.000000 -0.894731 0.896912 0.896912 0.896912
3831.157227 0.000000 1242.861816 0.000000 0.085865 0.000000 -0.996307 0.985940 0.985940 0.985940
3838.198242 0.000000 1240.018921 0.000000 0.058635 0.000000 0.998280 0.679499 0.679499 0.679499
3838.725098 0.000000 1222.606079 0.000000 0.957625 0.000000 0.288017 0.766390 0.766390 0.766390
3832.046387 0.000000 1223.896484 0.000000 0.984262 0.000000 0.176716 0.791165 0.791165 0.791165
3833.916748 0.000000 1217.671509 0.000000 0.996046 0.000000 -0.088842 0.808688 0.808688 0.808688
3814.769287 0.000000 1264.401001 0.000000 0.837497 0.000000 0.546442 0.774367 0.774367 0.774367
3828.455566 0.000000 1249.516113 0.000000 0.343650 0.000000 -0.939098 0.852631 0.852631 0.852631
3827.752441 0.000000 1237.432373 0.000000 0.132208 0.000000 -0.991222 0.864630 0.864630 0.864630
3795.012207 0.000000 1277.548706 0.000000 0.771160 0.000000 0.636641 0.730944 0.730944 0.730944
3806.399658 0.000000 1276.672974 0.000000 0.934100 0.000000 0.357011 0.777033 0.777033 0.777033
3838.395996 0.000000 1229.093872 0.000000 0.877599 0.000000 0.479396 0.774836 0.774836 0.774836
3830.769775 0.000000 1239.484375 0.000000 0.977469 0.000000 0.211081 0.778209 0.778209 0.778209
3837.418457 0.000000 1219.860229 0.000000 0.279921 0.000000 0.960023 0.700517 0.700517 0.700517
3808.678955 0.000000 1274.109009 0.000000 0.949092 0.000000 -0.315000 0.819009 0.819009 0.819009
3834.979980 0.000000 1254.323853 0.000000 0.582672 0.000000 0.812708 0.716433 0.716433 0.716433
3807.058350 0.000000 1268.667725 0.000000 0.891224 0.000000 -0.453563 0.830463 0.830463 0.830463
3834.160889 0.000000 1250.896729 0.000000 0.067204 0.000000 -0.997739 0.934231 0.934231 0.934231
3822.628418 0.000000 1230.337891 0.000000 0.964830 0.000000 -0.262873 0.822473 0.822473 0.822473
3833.955322 0.000000 1257.589111 0.000000 0.943184 0.000000 -0.332270 0.827195 0.827195 0.827195
3801.351318 0.000000 1278.803101 0.000000 0.797722 0.000000 0.603026 0.751908 0.751908 0.751908
3841.033691 0.000000 1039.606445 0.000000 0.913907 0.000000 -0.405924 0.819034 0.819034 0.819034
3896.171631 0.000000 1076.104126 0.000000 0.988820 0.000000 -0.149113 0.822868 0.822868 0.822868
3862.504883 0.000000 1055.181885 0.000000 0.822478 0.000000 -0.568797 0.832265 0.832265 0.832265
3867.898438 0.000000 1031.414673 0.000000 0.490512 0.000000 -0.871434 0.914753 0.914753 0.914753
3841.507324 0.000000 1066.761353 0.000000 0.409478 0.000000 0.912320 0.771776 0.771776 0.771776
3856.597900 0.000000 1041.167603 0.000000 0.622047 0.000000 0.782979 0.785988 0.785988 0.785988
3847.698486 0.000000 1053.074463 0.000000 0.341178 0.000000 0.939999 0.701104 0.701104 0.701104
3855.972412 0.000000 1069.108032 0.000000 0.427298 0.000000 -0.904111 0.875784 0.875784 0.875784
3882.516602 0.000000 1031.696655 0.000000 0.944244 0.000000 0.329246 0.757785 0.757785 0.757785
3873.320557 0.000000 1044.661987 0.000000 0.533021 0.000000 0.846102 0.645893 0.645893 0.645893
3866.500977 0.000000 1065.555542 0.000000 0.585723 0.000000 -0.810511 0.888898 0.888898 0.888898
3875.027344 0.000000 1024.312500 0.000000 0.540021 0.000000 0.841652 0.647160 0.647160 0.647160
3900.082520 0.000000 1084.470703 0.000000 0.697753 0.000000 0.716339 0.734929 0.734929 0.734929
3889.893311 0.000000 1084.142456 0.000000 0.004822 0.000000 0.999988 0.745579 0.745579 0.745579
3848.092529 0.000000 1073.618164 0.000000 0.680437 0.000000 0.732806 0.710807 0.710807 0.710807
3839.761963 0.000000 1048.628540 0.000000 0.998483 0.000000 -0.055059 0.804951 0.804951 0.804951
3840.245361 0.000000 1057.915649 0.000000 0.970925 0.000000 0.239383 0.791599 0.791599 0.791599
3864.546631 0.000000 1046.082153 0.000000 0.892981 0.000000 0.450095 0.760277 0.760277 0.760277
3881.072998 0.000000 1040.162109 0.000000 0.685629 0.000000 -0.727951 0.807328 0.807328 0.807328
3855.737305 0.000000 1050.337646 0.000000 0.987292 0.000000 0.158918 0.792828 0.792828 0.792828
3840.032471 0.000000 1074.866577 0.000000 0.327467 0.000000 0.944863 0.757747 0.757747 0.757747
3870.465088 0.000000 1052.009399 0.000000 0.379675 0.000000 -0.925120 0.852380 0.852380 0.852380
3875.054199 0.000000 1034.894897 0.000000 0.135614 0.000000 0.990762 0.585083 0.585083 0.585083
3879.459229 0.000000 1049.333740 0.000000 0.421748 0.000000 -0.906713 0.851024 0.851024 0.851024
3868.303955 0.000000 1039.060791 0.000000 0.807097 0.000000 -0.590418 0.862818 0.862818 0.862818
3859.156738 0.000000 1061.969238 0.000000 0.924406 0.000000 0.381409 0.791090 0.791090 0.791090
3887.081543 0.000000 1025.178101 0.000000 0.301201 0.000000 0.953561 0.766654 0.766654 0.766654
3899.195801 0.000000 1030.127563 0.000000 0.891806 0.000000 -0.452418 0.846695 0.846695 0.846695
3847.788330 0.000000 1067.242432 0.000000 0.225592 0.000000 0.974222 0.676860 0.676860 0.676860
3862.259033 0.000000 1038.069702 0.000000 0.457677 0.000000 0.889119 0.665450 0.665450 0.665450
3869.035889 0.000000 1025.473633 0.000000 0.821195 0.000000 -0.570647 0.821105 0.821105 0.821105
3880.966309 0.000000 1025.821167 0.000000 0.709999 0.000000 -0.704202 0.881923 0.881923 0.881923
3844.784180 0.000000 1061.782227 0.000000 0.861125 0.000000 -0.508394 0.847932 0.847932 0.847932
3901.698730 0.000000 1074.836182 0.000000 0.671214 0.000000 0.741264 0.748471 0.748471 0.748471
3901.178711 0.000000 1024.556519 0.000000 0.997197 0.000000 -0.074818 0.801750 0.801750 0.801750
3861.596191 0.000000 1068.372803 0.000000 0.702266 0.000000 -0.711915 0.835601 0.835601 0.835601
3876.958496 0.000000 1029.494141 0.000000 0.334208 0.000000 -0.942499 0.921605 0.921605 0.921605
3895.185547 0.000000 1081.500488 0.000000 0.322136 0.000000 -0.946694 0.930315 0.930315 0.930315
3850.703125 0.000000 1048.821167 0.000000 0.810629 0.000000 0.585560 0.774512 0.774512 0.774512
3842.293945 0.000000 1053.292114 0.000000 0.079662 0.000000 0.996822 0.741036 0.741036 0.741036
3902.890137 0.000000 1079.819824 0.000000 0.384288 0.000000 -0.923213 0.876828 0.876828 0.876828
3887.384521 0.000000 1032.624268 0.000000 0.337351 0.000000 0.941379 0.744875 0.744875 0.744875
3844.442871 0.000000 1077.170776 0.000000 0.746435 0.000000 0.665459 0.773824 0.773824 0.773824
3843.788818 0.000000 1071.111084 0.000000 0.424752 0.000000 0.905310 0.711139 0.711139 0.711139
3853.515137 0.000000 1073.409546 0.000000 0.696835 0.000000 0.717231 0.743930 0.743930 0.743930
3847.697998 0.000000 1057.933350 0.000000 0.304191 0.000000 0.952611 0.710038 0.710038 0.710038
3853.129639 0.000000 1044.533447 0.000000 0.987276 0.000000 0.159017 0.793972 0.793972 0.793972
3854.899902 0.000000 1064.409912 0.000000 0.778921 0.000000 0.627122 0.744764 0.744764 0.744764
3865.720703 0.000000 1051.589355 0.000000 0.384726 0.000000 0.923031 0.734476 0.734476 0.734476
3869.101318 0.000000 1047.383179 0.000000 0.862656 0.000000 -0.505791 0.860053 0.860053 0.860053
3872.226562 0.000000 1029.795166 0.000000 0.708654 0.000000 0.705556 0.745095 0.745095 0.745095
3839.565430 0.000000 1062.551147 0.000000 0.922918 0.000000 0.384996 0.769453 0.769453 0.769453
3878.017822 0.000000 1044.423584 0.000000 0.516041 0.000000 -0.856564 0.830815 0.830815 0.830815
3867.100098 0.000000 1056.000244 0.000000 0.581584 0.000000 -0.813486 0.864899 0.864899 0.864899
3901.545654 0.000000 1034.017822 0.000000 0.912385 0.000000 -0.409333 0.814403 0.814403 0.814403
3852.137451 0.000000 1053.383789 0.000000 0.710276 0.000000 -0.703923 0.856148 0.856148 0.856148
3870.257812 0.000000 1067.944092 0.000000 0.663459 0.000000 -0.748213 0.823806 0.823806 0.823806
3870.608643 0.000000 1035.162354 0.000000 0.649759 0.000000 0.760140 0.761195 0.761195 0.761195
3903.120605 0.000000 1070.600464 0.000000 0.998854 0.000000 -0.047869 0.804247 0.804247 0.804247
3864.816650 0.000000 1041.702393 0.000000 0.618861 0.000000 0.785500 0.731789 0.731789 0.731789
3869.157227 0.000000 1043.164185 0.000000 0.216231 0.000000 0.976342 0.739206 0.739206 0.739206
3890.750977 0.000000 1027.199219 0.000000 0.487597 0.000000 0.873069 0.769472 0.769472 0.769472
3898.715820 0.000000 1079.311279 0.000000 0.119202 0.000000 0.992870 0.622605 0.622605 0.622605
3862.540527 0.000000 1064.289307 0.000000 0.900090 0.000000 -0.435705 0.846731 0.846731 0.846731
3885.055176 0.000000 1028.676025 0.000000 0.623622 0.000000 -0.781726 0.916684 0.916684 0.916684
3893.520508 0.000000 1085.816162 0.000000 0.440795 0.000000 -0.897608 0.924853 0.924853 0.924853
3895.436279 0.000000 1028.304321 0.000000 0.094923 0.000000 0.995485 0.643494 0.643494 0.643494
3872.193848 0.000000 1039.153564 0.000000 0.951490 0.000000 0.307681 0.767768 0.767768 0.767768
3858.283691 0.000000 1066.108643 0.000000 0.769450 0.000000 -0.638707 0.878872 0.878872 0.878872
3843.948242 0.000000 1056.767090 0.000000 0.707085 0.000000 -0.707129 0.869179 0.869179 0.869179
3839.739014 0.000000 1070.185303 0.000000 0.893826 0.000000 -0.448413 0.844020 0.844020 0.844020
3851.131836 0.000000 1065.330811 0.000000 0.657974 0.000000 -0.753040 0.836785 0.836785 0.836785
3869.626953 0.000000 1063.322510 0.000000 0.411458 0.000000 -0.911429 0.881077 0.881077 0.881077
3845.019775 0.000000 1042.072388 0.000000 0.459329 0.000000 -0.888266 0.872075 0.872075 0.872075
3902.717285 0.000000 1030.652954 0.000000 0.974576 0.000000 0.224058 0.779690 0.779690 0.779690
3866.860107 0.000000 1035.642578 0.000000 0.716563 0.000000 0.697522 0.727384 0.727384 0.727384
3856.139893 0.000000 1046.770142 0.000000 0.254688 0.000000 -0.967023 0.906228 0.906228 0.906228
3844.800049 0.000000 1065.424194 0.000000 0.762480 0.000000 -0.647012 0.863242 0.863242 0.863242
3890.384521 0.000000 1087.725098 0.000000 0.921918 0.000000 0.387385 0.751139 0.751139 0.751139
3897.051270 0.000000 1086.084473 0.000000 0.187168 0.000000 0.982328 0.722962 0.722962 0.722962
3890.540283 0.000000 1033.921997 0.000000 0.933198 0.000000 0.359363 0.782821 0.782821 0.782821
3883.847412 0.000000 1023.902954 0.000000 0.858952 0.000000 0.512056 0.769400 0.769400 0.769400
3866.557617 0.000000 1028.297119 0.000000 0.708400 0.000000 0.705811 0.741314 0.741314 0.741314
3880.199951 0.000000 1029.039429 0.000000 0.767055 0.000000 0.641582 0.727380 0.727380 0.727380
3877.705322 0.000000 1026.263916 0.000000 0.748851 0.000000 0.662738 0.732283 0.732283 0.732283
3861.749756 0.000000 1060.018188 0.000000 0.112442 0.000000 0.993658 0.730107 0.730107 0.730107
3888.588135 0.000000 1029.501953 0.000000 0.859823 0.000000 0.510593 0.756012 0.756012 0.756012
3874.511963 0.000000 1027.455688 0.000000 0.605996 0.000000 0.795467 0.719539 0.719539 0.719539
3842.495850 0.000000 1050.167969 0.000000 0.225996 0.000000 0.974128 0.693795 0.693795 0.693795
3847.533691 0.000000 1049.871704 0.000000 0.260949 0.000000 -0.965352 0.887695 0.887695 0.887695
3874.729492 0.000000 1031.636353 0.000000 0.501822 0.000000 -0.864971 0.908331 0.908331 0.908331
3844.940186 0.000000 1074.043335 0.000000 0.377893 0.000000 0.925849 0.730519 0.730519 0.730519
3841.993652 0.000000 1060.446899 0.000000 0.658439 0.000000 -0.752634 0.867390 0.867390 0.867390
3900.423096 0.000000 1072.073608 0.000000 0.263651 0.000000 0.964618 0.682803 0.682803 0.682803
3862.519287 0.000000 1043.787598 0.000000 0.988019 0.000000 -0.154331 0.815319 0.815319 0.815319
3864.050781 0.000000 1049.064087 0.000000 0.957552 0.000000 -0.288259 0.829259 0.829259 0.829259
3853.559082 0.000000 1067.131348 0.000000 0.190658 0.000000 0.981656 0.650451 0.650451 0.650451
3842.339600 0.000000 1063.692261 0.000000 0.987491 0.000000 -0.157676 0.816128 0.816128 0.816128
3845.586914 0.000000 1045.190430 0.000000 0.045891 0.000000 -0.998946 0.933396 0.933396 0.933396
3877.151855 0.000000 1047.348267 0.000000 0.723863 0.000000 0.689944 0.721075 0.721075 0.721075
3898.678711 0.000000 1074.476318 0.000000 0.119085 0.000000 0.992884 0.672161 0.672161 0.672161
3839.581299 0.000000 1051.733765 0.000000 0.678047 0.000000 -0.735019 0.842547 0.842547 0.842547
3898.085938 0.000000 1082.178101 0.000000 0.262965 0.000000 -0.964805 0.910226 0.910226 0.910226
3864.361084 0.000000 1057.421143 0.000000 0.318972 0.000000 0.947764 0.676055 0.676055 0.676055
3850.677246 0.000000 1072.250122 0.000000 0.744880 0.000000 -0.667199 0.874840 0.874840 0.874840
3861.776611 0.000000 1046.951782 0.000000 0.615434 0.000000 -0.788188 0.851677 0.851677 0.851677
3863.916504 0.000000 1066.759277 0.000000 0.899713 0.000000 -0.436482 0.832747 0.832747 0.832747
3844.215820 0.000000 1068.270996 0.000000 0.189554 0.000000 -0.981870 0.887652 0.887652 0.887652
3856.572998 0.000000 1043.987427 0.000000 0.974082 0.000000 0.226194 0.782911 0.782911 0.782911
3878.503418 0.000000 1041.598755 0.000000 0.858352 0.000000 0.513061 0.763523 0.763523 0.763523
3850.048828 0.000000 1051.586670 0.000000 0.789555 0.000000 0.613680 0.747348 0.747348 0.747348
3900.409912 0.000000 1077.212036 0.000000 0.255892 0.000000 0.966705 0.708023 0.708023 0.708023
3852.710449 0.000000 1050.815918 0.000000 0.957333 0.000000 0.288988 0.774881 0.774881 0.774881
3866.482178 0.000000 1047.996826 0.000000 0.093235 0.000000 -0.995644 0.907113 0.907113 0.907113
3895.521240 0.000000 1084.051147 0.000000 0.670266 0.000000 0.742121 0.736367 0.736367 0.736367
3870.648682 0.000000 1045.212158 0.000000 0.268042 0.000000 0.963407 0.698005 0.698005 0.698005
3924.489746 0.000000 1082.796265 0.000000 0.758351 0.000000 0.651847 0.768093 0.768093 0.768093
3951.801758 0.000000 1045.693359 0.000000 0.058879 0.000000 0.998265 0.569001 0.569001 0.569001
3926.497070 0.000000 1055.181885 0.000000 0.148935 0.000000 -0.988847 0.872386 0.872386 0.872386
3905.499512 0.000000 1066.761353 0.000000 0.868889 0.000000 0.495007 0.720879 0.720879 0.720879
3940.728516 0.000000 1069.667603 0.000000 0.894714 0.000000 0.446640 0.786684 0.786684 0.786684
3911.690674 0.000000 1053.074463 0.000000 0.096269 0.000000 0.995355 0.719610 0.719610 0.719610
3919.964600 0.000000 1069.108032 0.000000 0.844676 0.000000 -0.535277 0.839597 0.839597 0.839597
3961.934326 0.000000 1037.275513 0.000000 0.950218 0.000000 0.311587 0.774559 0.774559 0.774559
3903.896240 0.000000 1027.043091 0.000000 0.805855 0.000000 0.592113 0.741909 0.741909 0.741909
3914.896240 0.000000 1061.558105 0.000000 0.915578 0.000000 0.402140 0.762805 0.762805 0.762805
3904.237549 0.000000 1057.915649 0.000000 0.861976 0.000000 -0.506949 0.807326 0.807326 0.807326
3927.194580 0.000000 1074.165527 0.000000 0.667679 0.000000 0.744449 0.739121 0.739121 0.739121
3949.412842 0.000000 1067.050537 0.000000 0.799642 0.000000 0.600477 0.732463 0.732463 0.732463
3953.282471 0.000000 1037.231689 0.000000 0.837582 0.000000 -0.546312 0.872375 0.872375 0.872375
3945.065186 0.000000 1040.162109 0.000000 0.415551 0.000000 0.909570 0.660382 0.660382 0.660382
3949.661377 0.000000 1054.036377 0.000000 0.657627 0.000000 0.753344 0.669651 0.669651 0.669651
3919.729492 0.000000 1050.337646 0.000000 0.129325 0.000000 0.991602 0.701564 0.701564 0.701564
3904.024658 0.000000 1074.866577 0.000000 0.567637 0.000000 0.823279 0.760594 0.760594 0.760594
3916.951172 0.000000 1080.197998 0.000000 0.998435 0.000000 -0.055918 0.803419 0.803419 0.803419
3943.451416 0.000000 1049.333740 0.000000 0.238669 0.000000 -0.971101 0.969714 0.969714 0.969714
3923.148926 0.000000 1061.969238 0.000000 0.652677 0.000000 -0.757637 0.900444 0.900444 0.900444
3951.073730 0.000000 1025.178101 0.000000 0.590523 0.000000 -0.807021 0.885527 0.885527 0.885527
3958.895264 0.000000 1044.276245 0.000000 0.951421 0.000000 -0.307892 0.808626 0.808626 0.808626
3963.187988 0.000000 1030.127563 0.000000 0.129671 0.000000 0.991557 0.782735 0.782735 0.782735
3956.407715 0.000000 1031.053223 0.000000 0.394628 0.000000 0.918841 0.711339 0.711339 0.711339
3943.370850 0.000000 1063.189087 0.000000 0.989742 0.000000 0.142868 0.787287 0.787287 0.787287
3957.042969 0.000000 1053.972900 0.000000 0.031587 0.000000 -0.999501 0.824901 0.824901 0.824901
3942.475586 0.000000 1076.138550 0.000000 0.998050 0.000000 0.062414 0.799289 0.799289 0.799289
3905.841064 0.000000 1033.211792 0.000000 0.989861 0.000000 -0.142037 0.807173 0.807173 0.807173
3919.106934 0.000000 1056.698853 0.000000 0.201079 0.000000 0.979575 0.693417 0.693417 0.693417
3911.780518 0.000000 1067.242432 0.000000 0.605518 0.000000 -0.795832 0.882720 0.882720 0.882720
3948.739258 0.000000 1060.139526 0.000000 0.973765 0.000000 0.227555 0.764925 0.764925 0.764925
3903.625732 0.000000 1084.821655 0.000000 0.327355 0.000000 0.944901 0.762191 0.762191 0.762191
3921.604980 0.000000 1076.194214 0.000000 0.522340 0.000000 0.852737 0.697205 0.697205 0.697205
3944.958496 0.000000 1025.821167 0.000000 0.351687 0.000000 0.936118 0.614908 0.614908 0.614908
3908.776367 0.000000 1061.782227 0.000000 0.966281 0.000000 -0.257488 0.823094 0.823094 0.823094
3919.896240 0.000000 1085.891479 0.000000 0.809911 0.000000 -0.586553 0.870605 0.870605 0.870605
3925.588379 0.000000 1068.372803 0.000000 0.994574 0.000000 -0.104033 0.808056 0.808056 0.808056
3946.132324 0.000000 1071.584839 0.000000 0.025990 0.000000 -0.999662 0.893486 0.893486 0.893486
3955.975098 0.000000 1048.852539 0.000000 0.979955 0.000000 0.199221 0.783296 0.783296 0.783296
3925.026123 0.000000 1050.014160 0.000000 0.999147 0.000000 -0.041299 0.801411 0.801411 0.801411
3946.730957 0.000000 1045.529663 0.000000 0.455229 0.000000 -0.890374 0.876985 0.876985 0.876985
3907.781006 0.000000 1071.111084 0.000000 0.192444 0.000000 -0.981308 0.923772 0.923772 0.923772
3917.507324 0.000000 1073.409546 0.000000 0.898534 0.000000 -0.438904 0.811707 0.811707 0.811707
3911.690186 0.000000 1057.933350 0.000000 0.758356 0.000000 -0.651840 0.851901 0.851901 0.851901
3918.892090 0.000000 1064.409912 0.000000 0.431686 0.000000 0.902024 0.724542 0.724542 0.724542
3955.394287 0.000000 1065.456421 0.000000 0.906108 0.000000 0.423047 0.790578 0.790578 0.790578
3903.557617 0.000000 1062.551147 0.000000 0.009651 0.000000 -0.999953 0.834610 0.834610 0.834610
3942.010010 0.000000 1044.423584 0.000000 0.903779 0.000000 0.427999 0.760780 0.760780 0.760780
3965.537842 0.000000 1034.017822 0.000000 0.810692 0.000000 0.585473 0.784260 0.784260 0.784260
3929.776855 0.000000 1070.135376 0.000000 0.975242 0.000000 0.221138 0.784101 0.784101 0.784101
3943.758545 0.000000 1035.785034 0.000000 0.988501 0.000000 0.151213 0.793270 0.793270 0.793270
3916.129639 0.000000 1053.383789 0.000000 0.971650 0.000000 -0.236425 0.821595 0.821595 0.821595
3953.424805 0.000000 1056.435913 0.000000 0.993172 0.000000 -0.116655 0.813451 0.813451 0.813451
3923.297363 0.000000 1072.087891 0.000000 0.853520 0.000000 -0.521059 0.850245 0.850245 0.850245
3954.577637 0.000000 1042.479614 0.000000 0.157102 0.000000 -0.987582 0.915992 0.915992 0.915992
3907.692383 0.000000 1025.003662 0.000000 0.655215 0.000000 0.755442 0.761518 0.761518 0.761518
3954.743164 0.000000 1027.199219 0.000000 0.766979 0.000000 -0.641673 0.894756 0.894756 0.894756
3923.072021 0.000000 1057.877075 0.000000 0.458414 0.000000 -0.888739 0.880669 0.880669 0.880669
3922.472656 0.000000 1053.592773 0.000000 0.810057 0.000000 -0.586352 0.861567 0.861567 0.861567
3925.294189 0.000000 1078.096069 0.000000 0.927891 0.000000 0.372851 0.766347 0.766347 0.766347
3926.532715 0.000000 1064.289307 0.000000 0.894606 0.000000 -0.446857 0.829977 0.829977 0.829977
3953.223145 0.000000 1052.133667 0.000000 0.974296 0.000000 -0.225273 0.817018 0.817018 0.817018
3949.047363 0.000000 1028.676025 0.000000 0.994613 0.000000 0.103661 0.788053 0.788053 0.788053
3920.900146 0.000000 1081.066162 0.000000 0.752541 0.000000 0.658546 0.738836 0.738836 0.738836
3922.275879 0.000000 1066.108643 0.000000 0.814994 0.000000 0.579470 0.754449 0.754449 0.754449
3907.940430 0.000000 1056.767090 0.000000 0.583148 0.000000 -0.812366 0.851700 0.851700 0.851700
3903.731201 0.000000 1070.185303 0.000000 0.712714 0.000000 0.701455 0.731059 0.731059 0.731059
3915.124023 0.000000 1065.330811 0.000000 0.997367 0.000000 -0.072518 0.804653 0.804653 0.804653
3919.305908 0.000000 1060.648438 0.000000 0.903617 0.000000 -0.428342 0.832888 0.832888 0.832888
3906.804443 0.000000 1029.621460 0.000000 0.981371 0.000000 -0.192123 0.808688 0.808688 0.808688
3916.031982 0.000000 1076.639526 0.000000 0.996957 0.000000 0.077956 0.794810 0.794810 0.794810
3915.306885 0.000000 1056.917480 0.000000 0.307366 0.000000 0.951591 0.712538 0.712538 0.712538
3960.030762 0.000000 1031.943359 0.000000 0.478902 0.000000 -0.877869 0.851356 0.851356 0.851356
3911.961182 0.000000 1063.675537 0.000000 0.941348 0.000000 0.337438 0.782264 0.782264 0.782264
3917.144775 0.000000 1083.770020 0.000000 0.775592 0.000000 0.631234 0.744332 0.744332 0.744332
3954.532471 0.000000 1033.921997 0.000000 0.511452 0.000000 0.859312 0.711412 0.711412 0.711412
3903.548340 0.000000 1030.433838 0.000000 0.672664 0.000000 0.739948 0.725134 0.725134 0.725134
3952.044922 0.000000 1059.590210 0.000000 0.709474 0.000000 -0.704731 0.883407 0.883407 0.883407
3911.106445 0.000000 1070.398438 0.000000 0.440528 0.000000 -0.897739 0.848085 0.848085 0.848085
3925.741943 0.000000 1060.018188 0.000000 0.519510 0.000000 0.854465 0.690732 0.690732 0.690732
3904.055420 0.000000 1023.899841 0.000000 0.257506 0.000000 0.966277 0.690082 0.690082 0.690082
3952.063965 0.000000 1048.906494 0.000000 0.585494 0.000000 -0.810677 0.857773 0.857773 0.857773
3947.232910 0.000000 1042.426880 0.000000 0.649108 0.000000 0.760696 0.718687 0.718687 0.718687
3939.675537 0.000000 1072.724243 0.000000 0.442088 0.000000 0.896972 0.729986 0.729986 0.729986
3922.996582 0.000000 1085.595581 0.000000 0.037428 0.000000 0.999299 0.712719 0.712719 0.712719
3955.464355 0.000000 1024.186768 0.000000 0.992791 0.000000 -0.119860 0.810439 0.810439 0.810439
3905.985840 0.000000 1060.446899 0.000000 0.225954 0.000000 -0.974138 0.891726 0.891726 0.891726
3962.503906 0.000000 1034.303101 0.000000 0.862509 0.000000 0.506042 0.752313 0.752313 0.752313
3920.534668 0.000000 1073.332642 0.000000 0.946401 0.000000 0.322995 0.773594 0.773594 0.773594
3906.331787 0.000000 1063.692261 0.000000 0.996486 0.000000 -0.083762 0.808894 0.808894 0.808894
3926.605957 0.000000 1071.223633 0.000000 0.999269 0.000000 -0.038220 0.804009 0.804009 0.804009
3919.494873 0.000000 1053.879639 0.000000 0.306776 0.000000 0.951782 0.686847 0.686847 0.686847
3927.908691 0.000000 1066.759277 0.000000 0.710536 0.000000 0.703661 0.729849 0.729849 0.729849
3922.757568 0.000000 1069.314453 0.000000 0.086092 0.000000 0.996287 0.670129 0.670129 0.670129
3908.208008 0.000000 1068.270996 0.000000 0.996628 0.000000 0.082048 0.793405 0.793405 0.793405
3953.129883 0.000000 1040.047485 0.000000 0.857265 0.000000 -0.514875 0.842453 0.842453 0.842453
3942.495605 0.000000 1041.598755 0.000000 0.738689 0.000000 0.674047 0.744601 0.744601 0.744601
3917.223145 0.000000 1086.614136 0.000000 0.063932 0.000000 -0.997954 0.944455 0.944455 0.944455
3914.041016 0.000000 1051.586670 0.000000 0.741244 0.000000 -0.671236 0.858201 0.858201 0.858201
3944.701172 0.000000 1043.692017 0.000000 0.538044 0.000000 -0.842916 0.893121 0.893121 0.893121
3940.961914 0.000000 1078.528442 0.000000 0.380273 0.000000 0.924874 0.712277 0.712277 0.712277
3909.268799 0.000000 1059.130615 0.000000 0.160608 0.000000 -0.987018 0.907255 0.907255 0.907255
3916.702637 0.000000 1050.815918 0.000000 0.746125 0.000000 -0.665806 0.857623 0.857623 0.857623
3841.033691 0.000000 1103.590820 0.000000 0.983214 0.000000 -0.182456 0.814952 0.814952 0.814952
3887.809570 0.000000 1109.677734 0.000000 0.994979 0.000000 0.100089 0.797777 0.797777 0.797777
3896.171631 0.000000 1140.088501 0.000000 0.990336 0.000000 0.138691 0.797916 0.797916 0.797916
3862.504883 0.000000 1119.166260 0.000000 0.996840 0.000000 -0.079431 0.803573 0.803573 0.803573
3894.584717 0.000000 1088.486572 0.000000 0.946117 0.000000 0.323826 0.783205 0.783205 0.783205
3882.516602 0.000000 1095.681030 0.000000 0.879212 0.000000 -0.476430 0.813092 0.813092 0.813092
3873.320557 0.000000 1108.646362 0.000000 0.456998 0.000000 0.889468 0.719214 0.719214 0.719214
3849.206787 0.000000 1097.979858 0.000000 0.948185 0.000000 0.317718 0.783533 0.783533 0.783533
3900.082520 0.000000 1148.455078 0.000000 0.783867 0.000000 -0.620929 0.853788 0.853788 0.853788
3899.989014 0.000000 1131.543823 0.000000 0.911310 0.000000 -0.411720 0.835341 0.835341 0.835341
3839.761963 0.000000 1112.612915 0.000000 0.892950 0.000000 0.450157 0.788249 0.788249 0.788249
3864.546631 0.000000 1110.066528 0.000000 0.953881 0.000000 -0.300185 0.802375 0.802375 0.802375
3889.290283 0.000000 1101.216064 0.000000 0.550817 0.000000 -0.834626 0.909456 0.909456 0.909456
3881.072998 0.000000 1104.146484 0.000000 0.690902 0.000000 -0.722948 0.900707 0.900707 0.900707
3870.465088 0.000000 1115.993774 0.000000 0.419059 0.000000 0.907959 0.748843 0.748843 0.748843
3879.459229 0.000000 1113.318115 0.000000 0.998602 0.000000 -0.052852 0.805449 0.805449 0.805449
3900.801514 0.000000 1123.886230 0.000000 0.996897 0.000000 0.078717 0.796459 0.796459 0.796459
3887.081543 0.000000 1089.162476 0.000000 0.982321 0.000000 0.187203 0.795148 0.795148 0.795148
3892.415527 0.000000 1095.037598 0.000000 0.943735 0.000000 -0.330702 0.829687 0.829687 0.829687
3841.848877 0.000000 1097.196167 0.000000 0.784019 0.000000 0.620737 0.778733 0.778733 0.778733
3846.319824 0.000000 1092.421875 0.000000 0.859407 0.000000 0.511293 0.776847 0.776847 0.776847
3857.612793 0.000000 1140.178589 0.000000 0.796455 0.000000 0.604698 0.718290 0.718290 0.718290
3901.698730 0.000000 1138.820557 0.000000 0.933849 0.000000 0.357666 0.767126 0.767126 0.767126
3851.389160 0.000000 1103.162964 0.000000 0.267217 0.000000 0.963636 0.763382 0.763382 0.763382
3844.892578 0.000000 1112.060791 0.000000 0.950392 0.000000 -0.311054 0.825206 0.825206 0.825206
3882.738770 0.000000 1109.514038 0.000000 0.990205 0.000000 0.139622 0.782458 0.782458 0.782458
3846.355957 0.000000 1102.637939 0.000000 0.994093 0.000000 -0.108527 0.810750 0.810750 0.810750
3902.890137 0.000000 1143.804199 0.000000 0.957339 0.000000 0.288968 0.781381 0.781381 0.781381
3887.384521 0.000000 1096.608643 0.000000 0.784786 0.000000 -0.619767 0.848462 0.848462 0.848462
3875.820312 0.000000 1104.284424 0.000000 0.578432 0.000000 0.815731 0.734266 0.734266 0.734266
3886.104248 0.000000 1105.065186 0.000000 0.994795 0.000000 0.101900 0.792355 0.792355 0.792355
3884.165039 0.000000 1100.392944 0.000000 0.606440 0.000000 -0.795129 0.899690 0.899690 0.899690
3874.626221 0.000000 1113.343628 0.000000 0.699909 0.000000 -0.714233 0.871499 0.871499 0.871499
3865.720703 0.000000 1115.573730 0.000000 0.138852 0.000000 -0.990313 0.864328 0.864328 0.864328
3869.101318 0.000000 1111.367554 0.000000 0.151145 0.000000 0.988512 0.709872 0.709872 0.709872
3867.100098 0.000000 1119.984619 0.000000 0.413744 0.000000 0.910393 0.748581 0.748581 0.748581
3879.766357 0.000000 1099.769409 0.000000 0.992669 0.000000 0.120866 0.795862 0.795862 0.795862
3859.305176 0.000000 1136.072266 0.000000 0.984730 0.000000 -0.174089 0.805871 0.805871 0.805871
3903.120605 0.000000 1134.584839 0.000000 0.343947 0.000000 0.938989 0.737882 0.737882 0.737882
3901.547119 0.000000 1117.635742 0.000000 0.200261 0.000000 0.979743 0.758161 0.758161 0.758161
3872.617676 0.000000 1119.993774 0.000000 0.840215 0.000000 0.542253 0.780770 0.780770 0.780770
3890.750977 0.000000 1091.183594 0.000000 0.714501 0.000000 -0.699635 0.856643 0.856643 0.856643
3898.715820 0.000000 1143.295654 0.000000 0.999731 0.000000 -0.023201 0.802044 0.802044 0.802044
3901.841797 0.000000 1127.879517 0.000000 0.697555 0.000000 0.716531 0.743043 0.743043 0.743043
3861.302002 0.000000 1142.080444 0.000000 0.209021 0.000000 0.977911 0.736430 0.736430 0.736430
3876.818359 0.000000 1116.774292 0.000000 0.017668 0.000000 0.999844 0.730206 0.730206 0.730206
3885.055176 0.000000 1092.660400 0.000000 0.622895 0.000000 0.782306 0.768242 0.768242 0.768242
3856.907959 0.000000 1145.050537 0.000000 0.176031 0.000000 0.984385 0.658024 0.658024 0.658024
3895.436279 0.000000 1092.288696 0.000000 0.716526 0.000000 0.697560 0.752820 0.752820 0.752820
3845.019775 0.000000 1106.056763 0.000000 0.689227 0.000000 -0.724545 0.902452 0.902452 0.902452
3897.908936 0.000000 1089.702759 0.000000 0.916462 0.000000 0.400121 0.781501 0.781501 0.781501
3897.051270 0.000000 1150.068848 0.000000 0.801727 0.000000 0.597690 0.773899 0.773899 0.773899
3890.540283 0.000000 1097.906372 0.000000 0.995813 0.000000 0.091410 0.789853 0.789853 0.789853
3845.419189 0.000000 1095.629761 0.000000 0.941711 0.000000 0.336423 0.777180 0.777180 0.777180
3888.588135 0.000000 1093.486328 0.000000 0.772539 0.000000 0.634967 0.769084 0.769084 0.769084
3873.539795 0.000000 1116.901489 0.000000 0.758221 0.000000 0.651997 0.768084 0.768084 0.768084
3848.752197 0.000000 1094.634277 0.000000 0.989089 0.000000 0.147320 0.793356 0.793356 0.793356
3842.495850 0.000000 1114.152344 0.000000 0.010928 0.000000 0.999940 0.694387 0.694387 0.694387
3854.990234 0.000000 1141.853027 0.000000 0.112953 0.000000 -0.993600 0.885589 0.885589 0.885589
3877.120850 0.000000 1101.466675 0.000000 0.622527 0.000000 0.782598 0.750453 0.750453 0.750453
3891.472168 0.000000 1088.171143 0.000000 0.717751 0.000000 -0.696300 0.866456 0.866456 0.866456
3900.423096 0.000000 1136.057983 0.000000 0.774132 0.000000 -0.633024 0.861606 0.861606 0.861606
3898.678711 0.000000 1138.460693 0.000000 0.306167 0.000000 -0.951978 0.903399 0.903399 0.903399
3872.123047 0.000000 1111.614868 0.000000 0.665245 0.000000 -0.746625 0.877278 0.877278 0.877278
3898.972168 0.000000 1126.355103 0.000000 0.969610 0.000000 0.244657 0.786375 0.786375 0.786375
3884.666992 0.000000 1097.595947 0.000000 0.619426 0.000000 -0.785055 0.853551 0.853551 0.853551
3885.377686 0.000000 1108.292969 0.000000 0.959647 0.000000 -0.281209 0.825619 0.825619 0.825619
3878.503418 0.000000 1105.583130 0.000000 0.748592 0.000000 0.663031 0.730075 0.730075 0.730075
3900.754395 0.000000 1145.523560 0.000000 0.548920 0.000000 0.835875 0.727652 0.727652 0.727652
3900.409912 0.000000 1141.196411 0.000000 0.999623 0.000000 -0.027472 0.802321 0.802321 0.802321
3893.253418 0.000000 1090.777344 0.000000 0.017323 0.000000 -0.999850 0.919142 0.919142 0.919142
3905.499512 0.000000 1130.745728 0.000000 0.584742 0.000000 0.811219 0.755210 0.755210 0.755210
3914.905273 0.000000 1088.521240 0.000000 0.594086 0.000000 -0.804401 0.884004 0.884004 0.884004
3911.690674 0.000000 1117.058838 0.000000 0.983213 0.000000 0.182459 0.791205 0.791205 0.791205
3919.964600 0.000000 1133.092407 0.000000 0.909351 0.000000 -0.416031 0.803342 0.803342 0.803342
3913.198975 0.000000 1097.979858 0.000000 0.158955 0.000000 -0.987286 0.934439 0.934439 0.934439
3925.098145 0.000000 1088.088379 0.000000 0.172093 0.000000 0.985081 0.771523 0.771523 0.771523
3912.084717 0.000000 1137.602539 0.000000 0.982421 0.000000 -0.186679 0.813276 0.813276 0.813276
3904.237549 0.000000 1121.900024 0.000000 0.909889 0.000000 0.414852 0.779239 0.779239 0.779239
3927.194580 0.000000 1138.149902 0.000000 0.281247 0.000000 -0.959635 0.817718 0.817718 0.817718
3912.324951 0.000000 1108.062500 0.000000 0.863356 0.000000 -0.504595 0.839931 0.839931 0.839931
3904.024658 0.000000 1138.850952 0.000000 0.111629 0.000000 -0.993750 0.923255 0.923255 0.923255
3911.780518 0.000000 1131.226807 0.000000 0.917772 0.000000 -0.397108 0.823000 0.823000 0.823000
3903.625732 0.000000 1148.806030 0.000000 0.581581 0.000000 -0.813488 0.868315 0.868315 0.868315
3910.312012 0.000000 1092.421875 0.000000 0.999780 0.000000 -0.020992 0.800579 0.800579 0.800579
3920.116455 0.000000 1091.489136 0.000000 0.340023 0.000000 0.940417 0.745003 0.745003 0.745003
3921.604980 0.000000 1140.178589 0.000000 0.795981 0.000000 -0.605322 0.808960 0.808960 0.808960
3908.776367 0.000000 1125.766602 0.000000 0.966410 0.000000 0.257005 0.785205 0.785205 0.785205
3915.381348 0.000000 1103.162964 0.000000 0.892842 0.000000 0.450371 0.750454 0.750454 0.750454
3925.588379 0.000000 1132.357178 0.000000 0.612757 0.000000 0.790272 0.728474 0.728474 0.728474
3908.884766 0.000000 1112.060791 0.000000 0.655272 0.000000 0.755393 0.730226 0.730226 0.730226
3918.263184 0.000000 1098.899414 0.000000 0.330159 0.000000 0.943925 0.744532 0.744532 0.744532
3910.348145 0.000000 1102.637939 0.000000 0.964372 0.000000 0.264550 0.784118 0.784118 0.784118
3906.286133 0.000000 1117.276489 0.000000 0.647279 0.000000 0.762254 0.762087 0.762087 0.762087
3907.781006 0.000000 1135.095459 0.000000 0.302191 0.000000 -0.953248 0.940846 0.940846 0.940846
3917.507324 0.000000 1137.393921 0.000000 0.615045 0.000000 -0.788492 0.883272 0.883272 0.883272
3911.690186 0.000000 1121.917725 0.000000 0.513597 0.000000 0.858032 0.753650 0.753650 0.753650
3915.626953 0.000000 1093.340698 0.000000 0.975489 0.000000 0.220047 0.780060 0.780060 0.780060
3905.868408 0.000000 1108.312744 0.000000 0.866924 0.000000 -0.498440 0.813756 0.813756 0.813756
3918.892090 0.000000 1128.394287 0.000000 0.544629 0.000000 -0.838677 0.844706 0.844706 0.844706
3903.557617 0.000000 1126.535522 0.000000 0.388115 0.000000 0.921611 0.734681 0.734681 0.734681
3904.823730 0.000000 1144.280396 0.000000 0.632108 0.000000 0.774880 0.725635 0.725635 0.725635
3923.297363 0.000000 1136.072266 0.000000 0.725322 0.000000 -0.688410 0.868242 0.868242 0.868242
3926.532715 0.000000 1128.273682 0.000000 0.998375 0.000000 0.056985 0.797438 0.797438 0.797438
3921.053467 0.000000 1087.740112 0.000000 0.249913 0.000000 -0.968268 0.871085 0.871085 0.871085
3922.275879 0.000000 1130.093018 0.000000 0.510015 0.000000 0.860166 0.701341 0.701341 0.701341
3907.940430 0.000000 1120.751465 0.000000 0.127115 0.000000 -0.991888 0.867455 0.867455 0.867455
3919.565674 0.000000 1095.290283 0.000000 0.486840 0.000000 0.873491 0.752261 0.752261 0.752261
3903.731201 0.000000 1134.169678 0.000000 0.837864 0.000000 0.545879 0.770591 0.770591 0.770591
3915.124023 0.000000 1129.315186 0.000000 0.658352 0.000000 0.752710 0.763748 0.763748 0.763748
3909.011963 0.000000 1106.056763 0.000000 0.761093 0.000000 0.648642 0.765323 0.765323 0.765323
3908.792236 0.000000 1129.408569 0.000000 0.906968 0.000000 -0.421199 0.839596 0.839596 0.839596
3911.961182 0.000000 1127.659912 0.000000 0.468496 0.000000 0.883465 0.746131 0.746131 0.746131
3923.887207 0.000000 1091.364990 0.000000 0.895685 0.000000 -0.444688 0.819328 0.819328 0.819328
3911.106445 0.000000 1134.382812 0.000000 0.695071 0.000000 0.718941 0.728375 0.728375 0.728375
3912.744385 0.000000 1094.634277 0.000000 0.396900 0.000000 -0.917862 0.928180 0.928180 0.928180
3912.670898 0.000000 1104.932495 0.000000 0.634423 0.000000 0.772986 0.720592 0.720592 0.720592
3906.488037 0.000000 1114.152344 0.000000 0.098453 0.000000 0.995142 0.736489 0.736489 0.736489
3903.598389 0.000000 1118.809814 0.000000 0.152486 0.000000 0.988306 0.736291 0.736291 0.736291
3911.525879 0.000000 1113.856079 0.000000 0.918300 0.000000 -0.395885 0.835851 0.835851 0.835851
3917.931152 0.000000 1089.302368 0.000000 0.993746 0.000000 -0.111667 0.808850 0.808850 0.808850
3908.932373 0.000000 1138.027710 0.000000 0.669168 0.000000 -0.743111 0.856718 0.856718 0.856718
3905.985840 0.000000 1124.431274 0.000000 0.290201 0.000000 -0.956966 0.881829 0.881829 0.881829
3920.534668 0.000000 1137.317017 0.000000 0.963970 0.000000 -0.266012 0.824199 0.824199 0.824199
3908.969727 0.000000 1115.839233 0.000000 0.883864 0.000000 -0.467744 0.843746 0.843746 0.843746
3915.402588 0.000000 1100.018921 0.000000 0.916480 0.000000 0.400080 0.764240 0.764240 0.764240
3914.669434 0.000000 1136.234497 0.000000 0.895945 0.000000 0.444164 0.762772 0.762772 0.762772
3912.664551 0.000000 1100.826294 0.000000 0.746953 0.000000 0.664877 0.732016 0.732016 0.732016
3908.208008 0.000000 1132.255371 0.000000 0.081040 0.000000 -0.996711 0.908001 0.908001 0.908001
3905.157959 0.000000 1141.453979 0.000000 0.273680 0.000000 -0.961821 0.875957 0.875957 0.875957
3909.268799 0.000000 1123.114990 0.000000 0.184298 0.000000 0.982870 0.700386 0.700386 0.700386
3909.452881 0.000000 1118.471558 0.000000 0.745382 0.000000 0.666637 0.741414 0.741414 0.741414
3905.473633 0.000000 1146.895020 0.000000 0.757778 0.000000 0.652513 0.746330 0.746330 0.746330
3905.489502 0.000000 1136.632080 0.000000 0.935610 0.000000 -0.353037 0.824646 0.824646 0.824646
3887.809570 0.000000 1173.662109 0.000000 0.889382 0.000000 -0.457165 0.838406 0.838406 0.838406
3896.171631 0.000000 1204.072876 0.000000 0.941658 0.000000 -0.336572 0.820979 0.820979 0.820979
3862.504883 0.000000 1183.150635 0.000000 0.987440 0.000000 -0.157996 0.820724 0.820724 0.820724
3841.507324 0.000000 1194.730103 0.000000 0.728799 0.000000 0.684728 0.761136 0.761136 0.761136
3873.320557 0.000000 1172.630737 0.000000 0.956480 0.000000 -0.291798 0.809935 0.809935 0.809935
3897.942139 0.000000 1165.244263 0.000000 0.639343 0.000000 0.768921 0.787912 0.787912 0.787912
3876.879395 0.000000 1184.849121 0.000000 0.263717 0.000000 0.964600 0.600775 0.600775 0.600775
3900.082520 0.000000 1212.439453 0.000000 0.621024 0.000000 -0.783791 0.863685 0.863685 0.863685
3899.989014 0.000000 1195.528198 0.000000 0.656002 0.000000 0.754759 0.776939 0.776939 0.776939
3839.761963 0.000000 1176.597290 0.000000 0.422488 0.000000 0.906368 0.671513 0.671513 0.671513
3840.245361 0.000000 1185.884399 0.000000 0.724432 0.000000 -0.689346 0.913930 0.913930 0.913930
3864.546631 0.000000 1174.050903 0.000000 0.766793 0.000000 0.641895 0.715227 0.715227 0.715227
3885.420654 0.000000 1195.019287 0.000000 0.353678 0.000000 0.935367 0.731165 0.731165 0.731165
3889.290283 0.000000 1165.200439 0.000000 0.999983 0.000000 -0.005907 0.800223 0.800223 0.800223
3881.072998 0.000000 1168.130859 0.000000 0.936305 0.000000 0.351187 0.796775 0.796775 0.796775
3885.669189 0.000000 1182.005127 0.000000 0.876459 0.000000 -0.481477 0.844245 0.844245 0.844245
3840.032471 0.000000 1202.835327 0.000000 0.164435 0.000000 -0.986388 0.845479 0.845479 0.845479
3892.204834 0.000000 1198.038086 0.000000 0.122035 0.000000 0.992526 0.624690 0.624690 0.624690
3870.247314 0.000000 1187.527466 0.000000 0.209678 0.000000 0.977770 0.772304 0.772304 0.772304
3899.195801 0.000000 1158.096313 0.000000 0.751441 0.000000 0.659801 0.789207 0.789207 0.789207
3892.415527 0.000000 1159.021973 0.000000 0.870907 0.000000 0.491449 0.752595 0.752595 0.752595
3879.378662 0.000000 1191.157837 0.000000 0.905400 0.000000 -0.424560 0.806305 0.806305 0.806305
3855.114746 0.000000 1184.667603 0.000000 0.822159 0.000000 0.569258 0.723074 0.723074 0.723074
3847.788330 0.000000 1195.211182 0.000000 0.984177 0.000000 -0.177191 0.806297 0.806297 0.806297
3839.633545 0.000000 1212.790405 0.000000 0.883358 0.000000 0.468699 0.771356 0.771356 0.771356
3890.707031 0.000000 1206.284302 0.000000 0.996477 0.000000 -0.083865 0.804377 0.804377 0.804377
3844.784180 0.000000 1189.750977 0.000000 0.994518 0.000000 -0.104570 0.810859 0.810859 0.810859
3901.698730 0.000000 1202.804932 0.000000 0.887217 0.000000 0.461352 0.785634 0.785634 0.785634
3901.178711 0.000000 1152.525269 0.000000 0.891713 0.000000 -0.452602 0.826735 0.826735 0.826735
3895.185547 0.000000 1209.469238 0.000000 0.874008 0.000000 0.485912 0.767470 0.767470 0.767470
3861.033936 0.000000 1177.982910 0.000000 0.741142 0.000000 0.671348 0.740464 0.740464 0.740464
3882.738770 0.000000 1173.498413 0.000000 0.511338 0.000000 -0.859380 0.886121 0.886121 0.886121
3902.890137 0.000000 1207.788574 0.000000 0.056386 0.000000 0.998409 0.771871 0.771871 0.771871
3843.788818 0.000000 1199.079834 0.000000 0.307823 0.000000 -0.951444 0.846729 0.846729 0.846729
3886.104248 0.000000 1169.049561 0.000000 0.563334 0.000000 0.826229 0.770869 0.770869 0.770869
3884.165039 0.000000 1164.377319 0.000000 0.736279 0.000000 0.676679 0.733201 0.733201 0.733201
3887.774170 0.000000 1199.917725 0.000000 0.739381 0.000000 0.673287 0.768577 0.768577 0.768577
3897.200928 0.000000 1199.413696 0.000000 0.622917 0.000000 -0.782288 0.885582 0.885582 0.885582
3893.644043 0.000000 1167.499756 0.000000 0.615603 0.000000 0.788057 0.736371 0.736371 0.736371
3865.720703 0.000000 1179.558105 0.000000 0.779953 0.000000 0.625838 0.719373 0.719373 0.719373
3869.101318 0.000000 1175.351929 0.000000 0.419694 0.000000 -0.907666 0.925427 0.925427 0.925427
3891.402100 0.000000 1193.425171 0.000000 0.978920 0.000000 0.204245 0.792852 0.792852 0.792852
3839.565430 0.000000 1190.519897 0.000000 0.517887 0.000000 0.855449 0.768020 0.768020 0.768020
3884.952148 0.000000 1177.588989 0.000000 0.923672 0.000000 0.383183 0.749578 0.749578 0.749578
3903.120605 0.000000 1198.569214 0.000000 0.747746 0.000000 -0.663985 0.856996 0.856996 0.856996
3894.227539 0.000000 1162.982544 0.000000 0.421166 0.000000 0.906983 0.763242 0.763242 0.763242
3869.157227 0.000000 1171.132935 0.000000 0.988672 0.000000 0.150092 0.785195 0.785195 0.785195
3880.945312 0.000000 1186.151733 0.000000 0.970123 0.000000 0.242613 0.778709 0.778709 0.778709
3898.715820 0.000000 1207.280029 0.000000 0.666088 0.000000 0.745873 0.724339 0.724339 0.724339
3887.705566 0.000000 1191.167480 0.000000 0.013582 0.000000 -0.999908 0.964215 0.964215 0.964215
3892.040527 0.000000 1202.264404 0.000000 0.998942 0.000000 0.045978 0.796996 0.796996 0.796996
3893.520508 0.000000 1213.784912 0.000000 0.733650 0.000000 0.679528 0.729271 0.729271 0.729271
3895.436279 0.000000 1156.273071 0.000000 0.145421 0.000000 0.989370 0.691576 0.691576 0.691576
3883.333252 0.000000 1191.797363 0.000000 0.902097 0.000000 0.431534 0.759898 0.759898 0.759898
3843.948242 0.000000 1184.735840 0.000000 0.394853 0.000000 0.918744 0.714848 0.714848 0.714848
3839.739014 0.000000 1198.154053 0.000000 0.999764 0.000000 0.021719 0.798373 0.798373 0.798373
3855.313721 0.000000 1188.617188 0.000000 0.833017 0.000000 -0.553248 0.862526 0.862526 0.862526
3888.960205 0.000000 1196.224243 0.000000 0.475975 0.000000 -0.879459 0.899167 0.899167 0.899167
3896.038574 0.000000 1159.912109 0.000000 0.354086 0.000000 -0.935213 0.899955 0.899955 0.899955
3844.800049 0.000000 1193.392944 0.000000 0.968471 0.000000 0.249127 0.773298 0.773298 0.773298
3847.968994 0.000000 1191.644287 0.000000 0.425001 0.000000 0.905193 0.657586 0.657586 0.657586
3897.908936 0.000000 1153.687134 0.000000 0.224739 0.000000 -0.974419 0.865234 0.865234 0.865234
3861.749756 0.000000 1187.986938 0.000000 0.854441 0.000000 0.519549 0.742388 0.742388 0.742388
3883.240723 0.000000 1170.395630 0.000000 0.992485 0.000000 -0.122370 0.805513 0.805513 0.805513
3839.606201 0.000000 1182.794189 0.000000 0.990362 0.000000 -0.138504 0.815735 0.815735 0.815735
3893.901367 0.000000 1206.493774 0.000000 0.007073 0.000000 -0.999975 0.936793 0.936793 0.936793
3841.993652 0.000000 1188.415649 0.000000 0.744666 0.000000 0.667437 0.726003 0.726003 0.726003
3902.485840 0.000000 1214.373779 0.000000 0.506647 0.000000 0.862153 0.706574 0.706574 0.706574
3901.410645 0.000000 1155.875854 0.000000 0.678983 0.000000 -0.734154 0.848409 0.848409 0.848409
3900.423096 0.000000 1200.042358 0.000000 0.971691 0.000000 -0.236253 0.816006 0.816006 0.816006
3842.339600 0.000000 1191.661011 0.000000 0.787724 0.000000 -0.616029 0.864819 0.864819 0.864819
3898.678711 0.000000 1202.445068 0.000000 0.166969 0.000000 0.985962 0.684829 0.684829 0.684829
3839.581299 0.000000 1179.702515 0.000000 0.953190 0.000000 0.302373 0.776073 0.776073 0.776073
3872.123047 0.000000 1175.599243 0.000000 0.600469 0.000000 0.799648 0.703940 0.703940 0.703940
3894.290283 0.000000 1200.243530 0.000000 0.215898 0.000000 0.976416 0.709192 0.709192 0.709192
3881.948730 0.000000 1189.052612 0.000000 0.862515 0.000000 0.506032 0.749453 0.749453 0.749453
3862.845947 0.000000 1180.253540 0.000000 0.172650 0.000000 0.984983 0.706233 0.706233 0.706233
3858.368652 0.000000 1176.609619 0.000000 0.330346 0.000000 -0.943860 0.874685 0.874685 0.874685
3878.961914 0.000000 1188.275635 0.000000 0.932130 0.000000 -0.362123 0.826864 0.826864 0.826864
3847.545654 0.000000 1188.812012 0.000000 0.992827 0.000000 -0.119559 0.808330 0.808330 0.808330
3892.136230 0.000000 1164.998169 0.000000 0.687587 0.000000 -0.726102 0.864759 0.864759 0.864759
3873.579102 0.000000 1186.737427 0.000000 0.920564 0.000000 0.390592 0.766820 0.766820 0.766820
3887.001465 0.000000 1163.493530 0.000000 0.818969 0.000000 0.573838 0.756788 0.756788 0.756788
3885.377686 0.000000 1172.277344 0.000000 0.960047 0.000000 -0.279838 0.827020 0.827020 0.827020
3903.151123 0.000000 1195.428467 0.000000 0.405998 0.000000 -0.913874 0.900839 0.900839 0.900839
3882.438232 0.000000 1176.335693 0.000000 0.911299 0.000000 -0.411744 0.826698 0.826698 0.826698
3886.724609 0.000000 1184.835938 0.000000 0.291283 0.000000 -0.956637 0.914612 0.914612 0.914612
3842.140625 0.000000 1175.019531 0.000000 0.995554 0.000000 0.094189 0.792822 0.792822 0.792822
3866.482178 0.000000 1175.965576 0.000000 0.885270 0.000000 -0.465078 0.832461 0.832461 0.832461
3895.521240 0.000000 1212.019897 0.000000 0.999943 0.000000 -0.010659 0.800849 0.800849 0.800849
3905.499512 0.000000 1194.730103 0.000000 0.120262 0.000000 -0.992742 0.912094 0.912094 0.912094
3920.590088 0.000000 1169.136353 0.000000 0.997855 0.000000 0.065456 0.799215 0.799215 0.799215
3919.964600 0.000000 1197.076782 0.000000 0.972267 0.000000 0.233874 0.799151 0.799151 0.799151
3914.896240 0.000000 1189.526855 0.000000 0.079795 0.000000 0.996811 0.695482 0.695482 0.695482
3904.237549 0.000000 1185.884399 0.000000 0.476975 0.000000 -0.878917 0.817368 0.817368 0.817368
3919.729492 0.000000 1178.306396 0.000000 0.434013 0.000000 0.900907 0.766391 0.766391 0.766391
3916.951172 0.000000 1208.166748 0.000000 0.826214 0.000000 0.563356 0.759840 0.759840 0.759840
3903.625732 0.000000 1212.790405 0.000000 0.077194 0.000000 -0.997016 0.934232 0.934232 0.934232
3908.776367 0.000000 1189.750977 0.000000 0.498261 0.000000 0.867027 0.767310 0.767310 0.767310
3919.896240 0.000000 1213.860229 0.000000 0.749695 0.000000 0.661783 0.788734 0.788734 0.788734
3914.695312 0.000000 1176.789917 0.000000 0.100333 0.000000 -0.994954 0.840524 0.840524 0.840524
3917.507324 0.000000 1201.378296 0.000000 0.974551 0.000000 0.224166 0.774533 0.774533 0.774533
3911.690186 0.000000 1185.902100 0.000000 0.950673 0.000000 -0.310196 0.825890 0.825890 0.825890
3917.121826 0.000000 1172.502197 0.000000 0.902048 0.000000 -0.431636 0.854285 0.854285 0.854285
3903.557617 0.000000 1190.519897 0.000000 0.183325 0.000000 -0.983052 0.917130 0.917130 0.917130
3904.823730 0.000000 1208.264771 0.000000 0.383953 0.000000 -0.923353 0.833843 0.833843 0.833843
3912.784424 0.000000 1206.545288 0.000000 0.575874 0.000000 0.817538 0.775914 0.775914 0.775914
3915.582031 0.000000 1197.372803 0.000000 0.009031 0.000000 -0.999959 0.931007 0.931007 0.931007
3907.940430 0.000000 1184.735840 0.000000 0.733089 0.000000 -0.680133 0.847504 0.847504 0.847504
3903.731201 0.000000 1198.154053 0.000000 0.575362 0.000000 -0.817899 0.875175 0.875175 0.875175
3915.124023 0.000000 1193.299561 0.000000 0.937703 0.000000 0.347437 0.768109 0.768109 0.768109
3916.031982 0.000000 1204.608276 0.000000 0.561360 0.000000 -0.827572 0.899873 0.899873 0.899873
3920.132080 0.000000 1174.738892 0.000000 0.790103 0.000000 -0.612974 0.828465 0.828465 0.828465
3917.144775 0.000000 1211.738770 0.000000 0.192774 0.000000 0.981243 0.654810 0.654810 0.654810
3917.551270 0.000000 1195.100098 0.000000 0.332813 0.000000 -0.942993 0.901828 0.901828 0.901828
3906.331787 0.000000 1191.661011 0.000000 0.412358 0.000000 -0.911022 0.883754 0.883754 0.883754
3914.669434 0.000000 1200.218872 0.000000 0.999485 0.000000 -0.032082 0.802403 0.802403 0.802403
3920.565186 0.000000 1171.956177 0.000000 0.989231 0.000000 -0.146363 0.810121 0.810121 0.810121
3909.268799 0.000000 1187.099365 0.000000 0.717793 0.000000 -0.696256 0.869219 0.869219 0.869219
3914.406982 0.000000 1208.790894 0.000000 0.491439 0.000000 0.870912 0.717664 0.717664 0.717664
3841.033691 0.000000 1231.559570 0.000000 0.530559 0.000000 0.847648 0.761817 0.761817 0.761817
3887.809570 0.000000 1237.646484 0.000000 0.972348 0.000000 -0.233536 0.821044 0.821044 0.821044
3894.584717 0.000000 1216.455322 0.000000 0.839602 0.000000 -0.543202 0.802409 0.802409 0.802409
3876.879395 0.000000 1248.833496 0.000000 0.462879 0.000000 0.886422 0.793472 0.793472 0.793472
3839.904053 0.000000 1218.996216 0.000000 0.021148 0.000000 0.999776 0.660724 0.660724 0.660724
3848.092529 0.000000 1265.571289 0.000000 0.226650 0.000000 0.973976 0.679372 0.679372 0.679372
3839.761963 0.000000 1240.581665 0.000000 0.606149 0.000000 0.795351 0.726718 0.726718 0.726718
3864.546631 0.000000 1238.035278 0.000000 0.371666 0.000000 -0.928366 0.906238 0.906238 0.906238
3889.290283 0.000000 1229.184814 0.000000 0.997899 0.000000 0.064784 0.796543 0.796543 0.796543
3881.072998 0.000000 1232.115234 0.000000 0.653133 0.000000 -0.757243 0.872578 0.872578 0.872578
3855.737305 0.000000 1242.290771 0.000000 0.460309 0.000000 0.887759 0.779708 0.779708 0.779708
3848.332764 0.000000 1236.031250 0.000000 0.967061 0.000000 -0.254546 0.804472 0.804472 0.804472
3870.465088 0.000000 1243.962524 0.000000 0.700570 0.000000 -0.713583 0.883318 0.883318 0.883318
3892.415527 0.000000 1223.006348 0.000000 0.957568 0.000000 -0.288208 0.804730 0.804730 0.804730
3901.178711 0.000000 1216.509644 0.000000 0.953982 0.000000 0.299864 0.784124 0.784124 0.784124
3851.389160 0.000000 1231.131714 0.000000 0.170320 0.000000 -0.985389 0.867929 0.867929 0.867929
3861.033936 0.000000 1241.967285 0.000000 0.728959 0.000000 0.684557 0.757533 0.757533 0.757533
3864.938477 0.000000 1252.433838 0.000000 0.843889 0.000000 0.536518 0.767426 0.767426 0.767426
3882.738770 0.000000 1237.482788 0.000000 0.128607 0.000000 -0.991696 0.837148 0.837148 0.837148
3846.355957 0.000000 1230.606689 0.000000 0.421768 0.000000 0.906704 0.691152 0.691152 0.691152
3859.407227 0.000000 1237.182007 0.000000 0.336789 0.000000 0.941580 0.683078 0.683078 0.683078
3884.165039 0.000000 1228.361694 0.000000 0.951105 0.000000 0.308868 0.791910 0.791910 0.791910
3841.876221 0.000000 1236.281494 0.000000 0.328214 0.000000 -0.944604 0.908899 0.908899 0.908899
3893.644043 0.000000 1231.484131 0.000000 0.922323 0.000000 0.386421 0.787639 0.787639 0.787639
3865.720703 0.000000 1243.542480 0.000000 0.206414 0.000000 -0.978465 0.922491 0.922491 0.922491
3839.565430 0.000000 1254.504272 0.000000 0.999946 0.000000 -0.010426 0.800569 0.800569 0.800569
3878.017822 0.000000 1236.376709 0.000000 0.778475 0.000000 0.627675 0.723564 0.723564 0.723564
3867.100098 0.000000 1247.953369 0.000000 0.968623 0.000000 -0.248533 0.811889 0.811889 0.811889
3884.952148 0.000000 1241.573364 0.000000 0.200574 0.000000 -0.979679 0.863154 0.863154 0.863154
3851.589844 0.000000 1261.357178 0.000000 0.263798 0.000000 0.964578 0.682817 0.682817 0.682817
3872.617676 0.000000 1247.962524 0.000000 0.069534 0.000000 -0.997580 0.873757 0.873757 0.873757
3890.585449 0.000000 1234.432739 0.000000 0.659985 0.000000 0.751279 0.750598 0.750598 0.750598
3890.750977 0.000000 1219.152344 0.000000 0.313018 0.000000 0.949747 0.743719 0.743719 0.743719
3858.480469 0.000000 1245.545898 0.000000 0.991841 0.000000 0.127480 0.788971 0.788971 0.788971
3876.818359 0.000000 1244.743042 0.000000 0.122081 0.000000 -0.992520 0.860749 0.860749 0.860749
3845.519287 0.000000 1226.875366 0.000000 0.978765 0.000000 -0.204985 0.818555 0.818555 0.818555
3851.131836 0.000000 1257.283936 0.000000 0.100757 0.000000 0.994911 0.667895 0.667895 0.667895
3839.652344 0.000000 1228.190674 0.000000 0.946119 0.000000 -0.323820 0.816597 0.816597 0.816597
3890.540283 0.000000 1225.875122 0.000000 0.997628 0.000000 0.068838 0.795913 0.795913 0.795913
3839.556152 0.000000 1222.386963 0.000000 0.916844 0.000000 -0.399245 0.847247 0.847247 0.847247
3842.876709 0.000000 1228.765869 0.000000 0.854641 0.000000 -0.519219 0.840889 0.840889 0.840889
3861.749756 0.000000 1251.971313 0.000000 0.824685 0.000000 0.565592 0.762180 0.762180 0.762180
3888.588135 0.000000 1221.455078 0.000000 0.693196 0.000000 -0.720749 0.841957 0.841957 0.841957
3873.539795 0.000000 1244.870239 0.000000 0.767083 0.000000 0.641548 0.759101 0.759101 0.759101
3848.678711 0.000000 1232.901245 0.000000 0.488736 0.000000 0.872432 0.686932 0.686932 0.686932
3883.240723 0.000000 1234.380005 0.000000 0.948498 0.000000 0.316784 0.774892 0.774892 0.774892
3839.606201 0.000000 1246.778564 0.000000 0.918210 0.000000 -0.396094 0.836603 0.836603 0.836603
3864.050781 0.000000 1241.017212 0.000000 0.998434 0.000000 -0.055945 0.804528 0.804528 0.804528
3839.602783 0.000000 1234.280518 0.000000 0.284093 0.000000 -0.958797 0.928353 0.928353 0.928353
3853.559082 0.000000 1259.084473 0.000000 0.977000 0.000000 0.213237 0.788798 0.788798 0.788798
3872.476318 0.000000 1253.620850 0.000000 0.829709 0.000000 -0.558196 0.836548 0.836548 0.836548
3839.581299 0.000000 1243.686890 0.000000 0.995412 0.000000 0.095685 0.790353 0.790353 0.790353
3872.123047 0.000000 1239.583618 0.000000 0.893361 0.000000 -0.449339 0.848307 0.848307 0.848307
3864.361084 0.000000 1249.374268 0.000000 0.985722 0.000000 0.168381 0.784997 0.784997 0.784997
3850.677246 0.000000 1264.203247 0.000000 0.867506 0.000000 0.497427 0.768181 0.768181 0.768181
3873.579102 0.000000 1250.721802 0.000000 0.007609 0.000000 -0.999971 0.947049 0.947049 0.947049
3889.137695 0.000000 1232.000610 0.000000 0.351047 0.000000 0.936358 0.693240 0.693240 0.693240
3885.377686 0.000000 1236.261719 0.000000 0.729238 0.000000 0.684261 0.735883 0.735883 0.735883
3878.503418 0.000000 1233.551880 0.000000 0.386507 0.000000 -0.922287 0.878078 0.878078 0.878078
3843.764893 0.000000 1231.597046 0.000000 0.755931 0.000000 -0.654652 0.865429 0.865429 0.865429
3865.041992 0.000000 1246.171997 0.000000 0.172829 0.000000 -0.984952 0.902126 0.902126 0.902126
3914.905273 0.000000 1216.489990 0.000000 0.547132 0.000000 -0.837046 0.872504 0.872504 0.872504
3903.896240 0.000000 1218.996216 0.000000 0.760486 0.000000 -0.649355 0.841075 0.841075 0.841075
3912.324951 0.000000 1236.031250 0.000000 0.415215 0.000000 -0.909723 0.974579 0.974579 0.974579
3910.312012 0.000000 1220.390625 0.000000 0.860122 0.000000 -0.510089 0.848109 0.848109 0.848109
3914.695312 0.000000 1240.774292 0.000000 0.852214 0.000000 -0.523193 0.864001 0.864001 0.864001
3917.121826 0.000000 1236.486572 0.000000 0.633460 0.000000 -0.773776 0.827037 0.827037 0.827037
3915.626953 0.000000 1221.309448 0.000000 0.989127 0.000000 0.147065 0.792748 0.792748 0.792748
3907.692383 0.000000 1216.956787 0.000000 0.983720 0.000000 0.179706 0.792638 0.792638 0.792638
3906.804443 0.000000 1221.574585 0.000000 0.500046 0.000000 0.865999 0.697731 0.697731 0.697731
3904.055420 0.000000 1215.853027 0.000000 0.823650 0.000000 -0.567098 0.847690 0.847690 0.847690
3917.931152 0.000000 1217.271118 0.000000 0.538351 0.000000 0.842721 0.754958 0.754958 0.754958
3913.185303 0.000000 1219.683716 0.000000 0.980371 0.000000 -0.197160 0.817837 0.817837 0.817837
3768.187256 0.000000 1332.041626 0.000000 0.840257 0.000000 -0.542189 0.887554 0.887554 0.887554
3769.957764 0.000000 1293.213013 0.000000 0.256324 0.000000 -0.966591 0.811788 0.811788 0.811788
3770.816650 0.000000 1306.280518 0.000000 0.566441 0.000000 -0.824103 0.812768 0.812768 0.812768
3772.004639 0.000000 1323.496948 0.000000 0.972093 0.000000 0.234594 0.797872 0.797872 0.797872
3762.722656 0.000000 1334.253052 0.000000 0.307562 0.000000 0.951528 0.705014 0.705014 0.705014
3773.714355 0.000000 1330.773682 0.000000 0.537441 0.000000 0.843301 0.652103 0.652103 0.652103
3767.201172 0.000000 1337.437988 0.000000 0.334998 0.000000 -0.942219 0.920786 0.920786 0.920786
3774.905762 0.000000 1335.757324 0.000000 0.385981 0.000000 0.922507 0.750738 0.750738 0.750738
3773.328369 0.000000 1296.153564 0.000000 0.316882 0.000000 0.948465 0.713234 0.713234 0.713234
3770.731445 0.000000 1335.248779 0.000000 0.432127 0.000000 -0.901813 0.858589 0.858589 0.858589
3756.088135 0.000000 1342.452881 0.000000 0.117894 0.000000 -0.993026 0.880945 0.880945 0.880945
3769.649902 0.000000 1297.479126 0.000000 0.645189 0.000000 -0.764023 0.877107 0.877107 0.877107
3759.426758 0.000000 1338.312866 0.000000 0.823268 0.000000 0.567652 0.759129 0.759129 0.759129
3775.166748 0.000000 1323.397217 0.000000 0.109161 0.000000 -0.994024 0.908579 0.908579 0.908579
3777.041504 0.000000 1295.543945 0.000000 0.748965 0.000000 -0.662610 0.885060 0.885060 0.885060
3777.515137 0.000000 1322.698853 0.000000 0.996447 0.000000 -0.084218 0.812883 0.812883 0.812883
3785.214600 0.000000 1289.932983 0.000000 0.998827 0.000000 -0.048429 0.802584 0.802584 0.802584
3797.113770 0.000000 1280.041504 0.000000 0.999652 0.000000 0.026378 0.797202 0.797202 0.797202
3775.769775 0.000000 1304.566040 0.000000 0.345735 0.000000 0.938332 0.640935 0.640935 0.640935
3776.253174 0.000000 1313.853149 0.000000 0.003476 0.000000 0.999994 0.769949 0.769949 0.769949
3784.340576 0.000000 1300.015625 0.000000 0.960609 0.000000 0.277902 0.794094 0.794094 0.794094
3776.040283 0.000000 1330.804077 0.000000 0.616407 0.000000 -0.787428 0.882027 0.882027 0.882027
3777.856689 0.000000 1289.149292 0.000000 0.854700 0.000000 0.519123 0.786264 0.786264 0.786264
3792.132080 0.000000 1283.442261 0.000000 0.787994 0.000000 0.615683 0.698663 0.698663 0.698663
3787.396973 0.000000 1295.116089 0.000000 0.174689 0.000000 0.984624 0.654542 0.654542 0.654542
3780.900391 0.000000 1304.013916 0.000000 0.999879 0.000000 -0.015532 0.800428 0.800428 0.800428
3782.363770 0.000000 1294.591064 0.000000 0.353027 0.000000 -0.935613 0.947174 0.947174 0.947174
3778.301758 0.000000 1309.229614 0.000000 0.552346 0.000000 -0.833615 0.925198 0.925198 0.925198
3783.705811 0.000000 1313.870850 0.000000 0.999996 0.000000 0.002715 0.799925 0.799925 0.799925
3787.642578 0.000000 1285.293823 0.000000 0.638177 0.000000 0.769890 0.774729 0.774729 0.774729
3777.884033 0.000000 1300.265869 0.000000 0.065456 0.000000 0.997855 0.660201 0.660201 0.660201
3793.069092 0.000000 1279.693237 0.000000 0.994372 0.000000 -0.105944 0.811766 0.811766 0.811766
3781.527100 0.000000 1290.859741 0.000000 0.274885 0.000000 -0.961477 0.893693 0.893693 0.893693
3779.956055 0.000000 1312.704590 0.000000 0.994937 0.000000 0.100496 0.790711 0.790711 0.790711
3780.807861 0.000000 1321.361694 0.000000 0.839739 0.000000 -0.542991 0.871192 0.871192 0.871192
3783.976807 0.000000 1319.613037 0.000000 0.033482 0.000000 0.999439 0.739207 0.739207 0.739207
3795.902832 0.000000 1283.318115 0.000000 0.942647 0.000000 -0.333790 0.835277 0.835277 0.835277
3778.884521 0.000000 1292.750244 0.000000 0.981868 0.000000 0.189566 0.778516 0.778516 0.778516
3784.686523 0.000000 1296.885620 0.000000 0.646861 0.000000 -0.762608 0.878472 0.878472 0.878472
3778.503662 0.000000 1306.105469 0.000000 0.672696 0.000000 0.739919 0.730628 0.730628 0.730628
3778.001465 0.000000 1316.384399 0.000000 0.899971 0.000000 0.435949 0.759458 0.759458 0.759458
3778.347412 0.000000 1319.629761 0.000000 0.703309 0.000000 -0.710884 0.859698 0.859698 0.859698
3775.589111 0.000000 1307.671265 0.000000 0.719045 0.000000 -0.694964 0.870439 0.870439 0.870439
3783.553467 0.000000 1316.780762 0.000000 0.999443 0.000000 0.033378 0.797920 0.797920 0.797920
3780.223633 0.000000 1324.208496 0.000000 0.774724 0.000000 0.632299 0.754474 0.754474 0.754474
3781.468506 0.000000 1310.424683 0.000000 0.796272 0.000000 -0.604938 0.851384 0.851384 0.851384
3761.305908 0.000000 1357.153564 0.000000 0.276736 0.000000 -0.960946 0.857215 0.857215 0.857215
3759.097168 0.000000 1345.099976 0.000000 0.782798 0.000000 0.622275 0.697380 0.697380 0.697380
3764.431152 0.000000 1350.975098 0.000000 0.922537 0.000000 -0.385908 0.817567 0.817567 0.817567
3756.180664 0.000000 1356.330444 0.000000 0.800964 0.000000 -0.598712 0.834614 0.834614 0.834614
3757.070801 0.000000 1348.597900 0.000000 0.264509 0.000000 0.964383 0.718799 0.718799 0.718799
3767.451904 0.000000 1348.226196 0.000000 0.688697 0.000000 -0.725049 0.836449 0.836449 0.836449
3762.555908 0.000000 1353.843872 0.000000 0.825959 0.000000 -0.563730 0.826913 0.826913 0.826913
3760.603760 0.000000 1349.423828 0.000000 0.011599 0.000000 -0.999933 0.977503 0.977503 0.977503
3759.017090 0.000000 1355.446655 0.000000 0.778468 0.000000 0.627684 0.739013 0.739013 0.739013
3756.682617 0.000000 1353.533447 0.000000 0.478286 0.000000 0.878204 0.729982 0.729982 0.729982
3758.636230 0.000000 1358.306641 0.000000 0.853776 0.000000 -0.520641 0.847247 0.847247 0.847247
"}
